{
    "bottom_right_hub10": {
        "Name": "bottom_right_hub10", 
        "CG": [
            "99.99999997839512", 
            "0", 
            "0"
        ], 
        "ID": "f86f91de-8e39-4ec0-a79e-64e1876761b2", 
        "MASS": "1.3180359603737082", 
        "Rotation": [
            [
                "1.8369701987210297e-016", 
                "-1", 
                "0"
            ], 
            [
                "1", 
                "1.8369701987210297e-016", 
                "-2.4492935982947064e-016"
            ], 
            [
                "2.4492935982947064e-016", 
                "4.499279347985573e-032", 
                "1"
            ]
        ], 
        "Translation": [
            "-374.9999999999952", 
            "25601", 
            "4874.0000000000055"
        ]
    }, 
    "top_left_front5_motor": {
        "Name": "top_left_front5_motor", 
        "CG": [
            "0", 
            "76.54500531811928", 
            "0"
        ], 
        "ID": "839f0a60-eb24-4924-8467-ad7d0a0612ce", 
        "MASS": "60", 
        "Rotation": [
            [
                "-1.8369701987210297e-016", 
                "-1", 
                "6.123233995736766e-017"
            ], 
            [
                "1", 
                "-1.8369701987210297e-016", 
                "-1.2246467991473532e-016"
            ], 
            [
                "1.2246467991473532e-016", 
                "6.123233995736764e-017", 
                "1"
            ]
        ], 
        "Translation": [
            "-122.99999999999747", 
            "-13839", 
            "-4874.000000000003"
        ]
    }, 
    "top_left_rear8_prop": {
        "Name": "top_left_rear8_prop", 
        "CG": [
            "0", 
            "0", 
            "85.725"
        ], 
        "ID": "78e73fbd-55e8-4afd-9774-e9e28dc2a390", 
        "MASS": "2.228", 
        "Rotation": [
            [
                "-1.83697019872103e-016", 
                "-1.8369701987210294e-016", 
                "1"
            ], 
            [
                "2.4492909926632187e-016", 
                "1", 
                "1.83697019872103e-016"
            ], 
            [
                "-1", 
                "2.4492909926632187e-016", 
                "-1.8369701987210294e-016"
            ]
        ], 
        "Translation": [
            "-798.449999999996", 
            "-21747", 
            "-4874.000000000005"
        ]
    }, 
    "bottom_left_rear6_prop": {
        "Name": "bottom_left_rear6_prop", 
        "CG": [
            "0", 
            "0", 
            "85.725"
        ], 
        "ID": "b4c342a9-5e97-4552-bc83-36e8b7482cc9", 
        "MASS": "2.228", 
        "Rotation": [
            [
                "-6.123233995736765e-017", 
                "6.123233995736767e-017", 
                "1"
            ], 
            [
                "3.673937791810572e-016", 
                "1", 
                "-6.123233995736765e-017"
            ], 
            [
                "-1", 
                "3.673937791810572e-016", 
                "-6.123233995736767e-017"
            ]
        ], 
        "Translation": [
            "-798.450000000001", 
            "-17793", 
            "4873.999999999996"
        ]
    }, 
    "top_left_rear3_motor": {
        "Name": "top_left_rear3_motor", 
        "CG": [
            "0", 
            "76.54500531811928", 
            "0"
        ], 
        "ID": "6dab03a6-0fe7-4f5b-b497-366cf65070c7", 
        "MASS": "60", 
        "Rotation": [
            [
                "-1.8369701987210297e-016", 
                "1", 
                "-1.8369701987210297e-016"
            ], 
            [
                "1", 
                "1.83697019872103e-016", 
                "1.224646799147353e-016"
            ], 
            [
                "1.2246467991473532e-016", 
                "-1.8369701987210294e-016", 
                "-1"
            ]
        ], 
        "Translation": [
            "-626.9999999999989", 
            "-5930.999999999999", 
            "-4874.000000000001"
        ]
    }, 
    "top_right_front3_prop": {
        "Name": "top_right_front3_prop", 
        "CG": [
            "0", 
            "0", 
            "85.725"
        ], 
        "ID": "72fab359-aa66-471a-88dd-06a9227a7ea8", 
        "MASS": "2.228", 
        "Rotation": [
            [
                "1.8369701987210297e-016", 
                "6.123233995736764e-017", 
                "-1"
            ], 
            [
                "2.605631487468091e-022", 
                "-1", 
                "-6.123233995736764e-017"
            ], 
            [
                "-1", 
                "-2.605631487468091e-022", 
                "-1.8369701987210297e-016"
            ]
        ], 
        "Translation": [
            "48.449999999999676", 
            "5931.000000000001", 
            "-4873.999999999999"
        ]
    }, 
    "top_right_front5_motor": {
        "Name": "top_right_front5_motor", 
        "CG": [
            "0", 
            "76.54500531811928", 
            "0"
        ], 
        "ID": "b44ebb7e-bf88-4dab-896b-d67f181cddce", 
        "MASS": "60", 
        "Rotation": [
            [
                "6.123233995736766e-017", 
                "-1", 
                "1.8369701987210297e-016"
            ], 
            [
                "-1", 
                "-6.123233995736764e-017", 
                "1.2246467991473532e-016"
            ], 
            [
                "-1.2246467991473532e-016", 
                "-1.8369701987210297e-016", 
                "-1"
            ]
        ], 
        "Translation": [
            "-123.00000000000077", 
            "13839", 
            "-4873.999999999997"
        ]
    }, 
    "right_stear_wing": {
        "Name": "right_stear_wing", 
        "CG": [
            "446.5108048426222", 
            "0", 
            "5000.000000000002"
        ], 
        "ID": "b87e64bc-7c58-45d8-9f59-6f5222cfaadd", 
        "MASS": "1712858.2838348306", 
        "Rotation": [
            [
                "-1", 
                "0", 
                "0"
            ], 
            [
                "0", 
                "-1.8369701987210297e-016", 
                "1"
            ], 
            [
                "0", 
                "1", 
                "1.8369701987210297e-016"
            ]
        ], 
        "Translation": [
            "-2972", 
            "1e+002", 
            "1e-020"
        ]
    }, 
    "bottom_right_rear6_motor": {
        "Name": "bottom_right_rear6_motor", 
        "CG": [
            "0", 
            "76.54500531811928", 
            "0"
        ], 
        "ID": "a0d4a283-1947-4c5e-be3e-46766d4ac10d", 
        "MASS": "60", 
        "Rotation": [
            [
                "-1.8369701987210297e-016", 
                "1", 
                "-1.8369701987210297e-016"
            ], 
            [
                "-1", 
                "-1.8369701987210302e-016", 
                "-2.449293598294706e-016"
            ], 
            [
                "-2.4492935982947064e-016", 
                "1.8369701987210292e-016", 
                "1"
            ]
        ], 
        "Translation": [
            "-626.9999999999967", 
            "17793", 
            "4874.000000000004"
        ]
    }, 
    "bottom_left_bar6": {
        "Name": "bottom_left_bar6", 
        "CG": [
            "1876.9804036141304", 
            "0", 
            "0"
        ], 
        "ID": "37bb5aae-a214-4fb4-a0c6-ef10c87bbce7", 
        "MASS": "21.74742309255374", 
        "Rotation": [
            [
                "-6.123233995736766e-017", 
                "1", 
                "0"
            ], 
            [
                "-1", 
                "-6.123233995736766e-017", 
                "-2.4492935982947064e-016"
            ], 
            [
                "-2.4492935982947064e-016", 
                "-1.4997597826618576e-032", 
                "1"
            ]
        ], 
        "Translation": [
            "-375.00000000000074", 
            "-13939", 
            "4873.999999999997"
        ]
    }, 
    "bottom_left_bar5": {
        "Name": "bottom_left_bar5", 
        "CG": [
            "1876.9804036141304", 
            "0", 
            "0"
        ], 
        "ID": "2c4bd91b-4114-4699-9b1e-4a65ef81baed", 
        "MASS": "21.74742309255374", 
        "Rotation": [
            [
                "-6.123233995736766e-017", 
                "1", 
                "0"
            ], 
            [
                "-1", 
                "-6.123233995736766e-017", 
                "-2.4492935982947064e-016"
            ], 
            [
                "-2.4492935982947064e-016", 
                "-1.4997597826618576e-032", 
                "1"
            ]
        ], 
        "Translation": [
            "-375.0000000000005", 
            "-9985", 
            "4873.999999999998"
        ]
    }, 
    "bottom_left_bar4": {
        "Name": "bottom_left_bar4", 
        "CG": [
            "1876.9804036141304", 
            "0", 
            "0"
        ], 
        "ID": "ebd37437-9fde-4fc9-ba13-d231b678ace6", 
        "MASS": "21.74742309255374", 
        "Rotation": [
            [
                "-6.123233995736766e-017", 
                "1", 
                "0"
            ], 
            [
                "-1", 
                "-6.123233995736766e-017", 
                "-2.4492935982947064e-016"
            ], 
            [
                "-2.4492935982947064e-016", 
                "-1.4997597826618576e-032", 
                "1"
            ]
        ], 
        "Translation": [
            "-375.0000000000003", 
            "-6031.000000000001", 
            "4873.999999999999"
        ]
    }, 
    "bottom_left_bar3": {
        "Name": "bottom_left_bar3", 
        "CG": [
            "1876.9804036141304", 
            "0", 
            "0"
        ], 
        "ID": "6feceda8-3b70-40ff-b1f0-e937f735f584", 
        "MASS": "21.74742309255374", 
        "Rotation": [
            [
                "-6.123233995736766e-017", 
                "1", 
                "0"
            ], 
            [
                "-1", 
                "-6.123233995736766e-017", 
                "-2.4492935982947064e-016"
            ], 
            [
                "-2.4492935982947064e-016", 
                "-1.4997597826618576e-032", 
                "1"
            ]
        ], 
        "Translation": [
            "-375.00000000000006", 
            "-2077.000000000001", 
            "4874"
        ]
    }, 
    "bottom_right_front4_prop": {
        "Name": "bottom_right_front4_prop", 
        "CG": [
            "0", 
            "0", 
            "85.725"
        ], 
        "ID": "0c6b9b61-02f3-4193-ab4f-53a35712daca", 
        "MASS": "2.228", 
        "Rotation": [
            [
                "6.123233995736764e-017", 
                "-1.8369701987210297e-016", 
                "-1"
            ], 
            [
                "1.2246494047788407e-016", 
                "-1", 
                "1.83697019872103e-016"
            ], 
            [
                "-1", 
                "-1.2246494047788407e-016", 
                "-6.123233995736761e-017"
            ]
        ], 
        "Translation": [
            "48.45000000000178", 
            "9885", 
            "4874.000000000002"
        ]
    }, 
    "bottom_left_bar0": {
        "Name": "bottom_left_bar0", 
        "CG": [
            "888.5000946130773", 
            "0", 
            "0"
        ], 
        "ID": "08fcd184-44b2-4a1d-8feb-cd7e9388da27", 
        "MASS": "10.382123082104062", 
        "Rotation": [
            [
                "-6.123233995736766e-017", 
                "1", 
                "0"
            ], 
            [
                "-1", 
                "-6.123233995736766e-017", 
                "-2.4492935982947064e-016"
            ], 
            [
                "-2.4492935982947064e-016", 
                "-1.4997597826618576e-032", 
                "1"
            ]
        ], 
        "Translation": [
            "-374.99999999999994", 
            "-100.00000000000118", 
            "4874"
        ]
    }, 
    "top_left_front8_motor": {
        "Name": "top_left_front8_motor", 
        "CG": [
            "0", 
            "76.54500531811928", 
            "0"
        ], 
        "ID": "19ddf13c-6217-45c0-ae04-950004c2fcd5", 
        "MASS": "60", 
        "Rotation": [
            [
                "-1.8369701987210297e-016", 
                "-1", 
                "6.123233995736766e-017"
            ], 
            [
                "1", 
                "-1.8369701987210297e-016", 
                "-1.2246467991473532e-016"
            ], 
            [
                "1.2246467991473532e-016", 
                "6.123233995736764e-017", 
                "1"
            ]
        ], 
        "Translation": [
            "-122.99999999999599", 
            "-21747", 
            "-4874.000000000005"
        ]
    }, 
    "bottom_left_bar8": {
        "Name": "bottom_left_bar8", 
        "CG": [
            "1876.9804036141304", 
            "0", 
            "0"
        ], 
        "ID": "895f469e-dd33-47b7-9518-75b08ab3ad8b", 
        "MASS": "21.74742309255374", 
        "Rotation": [
            [
                "-6.123233995736766e-017", 
                "1", 
                "0"
            ], 
            [
                "-1", 
                "-6.123233995736766e-017", 
                "-2.4492935982947064e-016"
            ], 
            [
                "-2.4492935982947064e-016", 
                "-1.4997597826618576e-032", 
                "1"
            ]
        ], 
        "Translation": [
            "-375.00000000000097", 
            "-17893", 
            "4873.999999999996"
        ]
    }, 
    "bottom_left_front0_prop": {
        "Name": "bottom_left_front0_prop", 
        "CG": [
            "0", 
            "0", 
            "85.725"
        ], 
        "ID": "b0b0309a-922e-48e0-bc38-fc50cd20214f", 
        "MASS": "2.228", 
        "Rotation": [
            [
                "1.8369701987210297e-016", 
                "6.123233995736764e-017", 
                "-1"
            ], 
            [
                "-1.2246494047788407e-016", 
                "1", 
                "6.123233995736761e-017"
            ], 
            [
                "1", 
                "1.2246494047788407e-016", 
                "1.83697019872103e-016"
            ]
        ], 
        "Translation": [
            "48.4499999999999", 
            "-1977.0000000000011", 
            "4874"
        ]
    }, 
    "bottom_left_front4_motor": {
        "Name": "bottom_left_front4_motor", 
        "CG": [
            "0", 
            "76.54500531811928", 
            "0"
        ], 
        "ID": "1fe6c331-5f3b-4164-9828-a1e0ad3f64ae", 
        "MASS": "60", 
        "Rotation": [
            [
                "6.123233995736766e-017", 
                "-1", 
                "1.8369701987210297e-016"
            ], 
            [
                "1", 
                "6.123233995736761e-017", 
                "-2.4492935982947064e-016"
            ], 
            [
                "2.4492935982947064e-016", 
                "1.83697019872103e-016", 
                "1"
            ]
        ], 
        "Translation": [
            "-123.00000000000054", 
            "-9885", 
            "4873.999999999998"
        ]
    }, 
    "top_right_front4_prop": {
        "Name": "top_right_front4_prop", 
        "CG": [
            "0", 
            "0", 
            "85.725"
        ], 
        "ID": "7fc103bd-125d-4122-bfec-1fb32fe2cf26", 
        "MASS": "2.228", 
        "Rotation": [
            [
                "1.8369701987210297e-016", 
                "6.123233995736764e-017", 
                "-1"
            ], 
            [
                "2.605631487468091e-022", 
                "-1", 
                "-6.123233995736764e-017"
            ], 
            [
                "-1", 
                "-2.605631487468091e-022", 
                "-1.8369701987210297e-016"
            ]
        ], 
        "Translation": [
            "48.44999999999945", 
            "9885", 
            "-4873.999999999998"
        ]
    }, 
    "top_right_front3_motor": {
        "Name": "top_right_front3_motor", 
        "CG": [
            "0", 
            "76.54500531811928", 
            "0"
        ], 
        "ID": "a301f52d-4d1c-4102-8ad3-0c6acc61492b", 
        "MASS": "60", 
        "Rotation": [
            [
                "6.123233995736766e-017", 
                "-1", 
                "1.8369701987210297e-016"
            ], 
            [
                "-1", 
                "-6.123233995736764e-017", 
                "1.2246467991473532e-016"
            ], 
            [
                "-1.2246467991473532e-016", 
                "-1.8369701987210297e-016", 
                "-1"
            ]
        ], 
        "Translation": [
            "-123.00000000000031", 
            "5931.000000000001", 
            "-4873.999999999999"
        ]
    }, 
    "top_left_hub10": {
        "Name": "top_left_hub10", 
        "CG": [
            "99.99999997839512", 
            "0", 
            "0"
        ], 
        "ID": "ba130734-ddef-468a-8598-3ec16d54888a", 
        "MASS": "1.3180359603737082", 
        "Rotation": [
            [
                "1.8369701987210297e-016", 
                "-1", 
                "0"
            ], 
            [
                "-1", 
                "-1.8369701987210297e-016", 
                "1.2246467991473532e-016"
            ], 
            [
                "-1.2246467991473532e-016", 
                "-2.2496396739927864e-032", 
                "-1"
            ]
        ], 
        "Translation": [
            "-374.9999999999952", 
            "-25601", 
            "-4874.0000000000055"
        ]
    }, 
    "top_left_front10_motor": {
        "Name": "top_left_front10_motor", 
        "CG": [
            "0", 
            "76.54500531811928", 
            "0"
        ], 
        "ID": "a47143ae-e341-4a1f-a4c7-76863b914fbd", 
        "MASS": "60", 
        "Rotation": [
            [
                "-1.8369701987210297e-016", 
                "-1", 
                "6.123233995736766e-017"
            ], 
            [
                "1", 
                "-1.8369701987210297e-016", 
                "-1.2246467991473532e-016"
            ], 
            [
                "1.2246467991473532e-016", 
                "6.123233995736764e-017", 
                "1"
            ]
        ], 
        "Translation": [
            "-122.99999999999525", 
            "-25701", 
            "-4874.0000000000055"
        ]
    }, 
    "bottom_left_front4_prop": {
        "Name": "bottom_left_front4_prop", 
        "CG": [
            "0", 
            "0", 
            "85.725"
        ], 
        "ID": "eced4797-d91f-4e33-b740-a9fc67958bfb", 
        "MASS": "2.228", 
        "Rotation": [
            [
                "1.8369701987210297e-016", 
                "6.123233995736764e-017", 
                "-1"
            ], 
            [
                "-1.2246494047788407e-016", 
                "1", 
                "6.123233995736761e-017"
            ], 
            [
                "1", 
                "1.2246494047788407e-016", 
                "1.83697019872103e-016"
            ]
        ], 
        "Translation": [
            "48.44999999999945", 
            "-9885", 
            "4873.999999999998"
        ]
    }, 
    "bottom_right_rear4_motor": {
        "Name": "bottom_right_rear4_motor", 
        "CG": [
            "0", 
            "76.54500531811928", 
            "0"
        ], 
        "ID": "01c5c1fd-29e8-4844-98c2-4f024e8b29b5", 
        "MASS": "60", 
        "Rotation": [
            [
                "-1.8369701987210297e-016", 
                "1", 
                "-1.8369701987210297e-016"
            ], 
            [
                "-1", 
                "-1.8369701987210302e-016", 
                "-2.449293598294706e-016"
            ], 
            [
                "-2.4492935982947064e-016", 
                "1.8369701987210292e-016", 
                "1"
            ]
        ], 
        "Translation": [
            "-626.9999999999982", 
            "9885", 
            "4874.000000000002"
        ]
    }, 
    "bottom_left_front10_motor": {
        "Name": "bottom_left_front10_motor", 
        "CG": [
            "0", 
            "76.54500531811928", 
            "0"
        ], 
        "ID": "519e1615-7181-43e8-b012-711410f1f0de", 
        "MASS": "60", 
        "Rotation": [
            [
                "6.123233995736766e-017", 
                "-1", 
                "1.8369701987210297e-016"
            ], 
            [
                "1", 
                "6.123233995736761e-017", 
                "-2.4492935982947064e-016"
            ], 
            [
                "2.4492935982947064e-016", 
                "1.83697019872103e-016", 
                "1"
            ]
        ], 
        "Translation": [
            "-123.00000000000145", 
            "-25701", 
            "4873.9999999999945"
        ]
    }, 
    "bottom_right_front8_prop": {
        "Name": "bottom_right_front8_prop", 
        "CG": [
            "0", 
            "0", 
            "85.725"
        ], 
        "ID": "cd114a03-75c2-47fc-9afa-59938943ba47", 
        "MASS": "2.228", 
        "Rotation": [
            [
                "6.123233995736764e-017", 
                "-1.8369701987210297e-016", 
                "-1"
            ], 
            [
                "1.2246494047788407e-016", 
                "-1", 
                "1.83697019872103e-016"
            ], 
            [
                "-1", 
                "-1.2246494047788407e-016", 
                "-6.123233995736761e-017"
            ]
        ], 
        "Translation": [
            "48.450000000003996", 
            "21747", 
            "4874.000000000005"
        ]
    }, 
    "top_left_rear6_prop": {
        "Name": "top_left_rear6_prop", 
        "CG": [
            "0", 
            "0", 
            "85.725"
        ], 
        "ID": "2244ebf2-dbc6-4f40-b832-a592fbbeaa90", 
        "MASS": "2.228", 
        "Rotation": [
            [
                "-1.83697019872103e-016", 
                "-1.8369701987210294e-016", 
                "1"
            ], 
            [
                "2.4492909926632187e-016", 
                "1", 
                "1.83697019872103e-016"
            ], 
            [
                "-1", 
                "2.4492909926632187e-016", 
                "-1.8369701987210294e-016"
            ]
        ], 
        "Translation": [
            "-798.4499999999966", 
            "-17793", 
            "-4874.000000000004"
        ]
    }, 
    "right_battery": {
        "Name": "right_battery", 
        "CG": [
            "375", 
            "0", 
            "4793.443200000001"
        ], 
        "ID": "0faaa563-e529-4006-a423-d2011545e965", 
        "MASS": "457.92", 
        "Rotation": [
            [
                "-1", 
                "-8.035122827338563e-081", 
                "0"
            ], 
            [
                "4.920093725628002e-097", 
                "-6.123233995736767e-017", 
                "1"
            ], 
            [
                "-8.035122827338563e-081", 
                "1", 
                "6.123233995736767e-017"
            ]
        ], 
        "Translation": [
            "125", 
            "7.6e+002", 
            "-7.999999999999936"
        ]
    }, 
    "left_battery": {
        "Name": "left_battery", 
        "CG": [
            "375", 
            "0", 
            "4793.443200000001"
        ], 
        "ID": "832f1a5c-5d3d-4c3a-a85c-5813d909da43", 
        "MASS": "457.92", 
        "Rotation": [
            [
                "-1", 
                "1.1611975679724143e-032", 
                "0"
            ], 
            [
                "0", 
                "-1.8369701987210297e-016", 
                "1"
            ], 
            [
                "1.1611975679724143e-032", 
                "1", 
                "1.8369701987210297e-016"
            ]
        ], 
        "Translation": [
            "125.00000000000001", 
            "-10346.886400000001", 
            "-1.907807245515869e-012"
        ]
    }, 
    "top_left_hub0": {
        "Name": "top_left_hub0", 
        "CG": [
            "99.99999997839512", 
            "0", 
            "0"
        ], 
        "ID": "bd600597-6dc1-4361-9951-5dca753151e4", 
        "MASS": "1.3180359603737082", 
        "Rotation": [
            [
                "1.8369701987210297e-016", 
                "-1", 
                "0"
            ], 
            [
                "-1", 
                "-1.8369701987210297e-016", 
                "1.2246467991473532e-016"
            ], 
            [
                "-1.2246467991473532e-016", 
                "-2.2496396739927864e-032", 
                "-1"
            ]
        ], 
        "Translation": [
            "-374.99999999999966", 
            "-1876.9999999999993", 
            "-4874"
        ]
    }, 
    "top_left_hub3": {
        "Name": "top_left_hub3", 
        "CG": [
            "99.99999997839512", 
            "0", 
            "0"
        ], 
        "ID": "f8731861-ef66-44c1-9526-ec6518fa53bd", 
        "MASS": "1.3180359603737082", 
        "Rotation": [
            [
                "1.8369701987210297e-016", 
                "-1", 
                "0"
            ], 
            [
                "-1", 
                "-1.8369701987210297e-016", 
                "1.2246467991473532e-016"
            ], 
            [
                "-1.2246467991473532e-016", 
                "-2.2496396739927864e-032", 
                "-1"
            ]
        ], 
        "Translation": [
            "-374.9999999999989", 
            "-5830.999999999999", 
            "-4874.000000000001"
        ]
    }, 
    "top_left_hub4": {
        "Name": "top_left_hub4", 
        "CG": [
            "99.99999997839512", 
            "0", 
            "0"
        ], 
        "ID": "f2d5a8b5-0219-4e8a-b7e7-812698418dce", 
        "MASS": "1.3180359603737082", 
        "Rotation": [
            [
                "1.8369701987210297e-016", 
                "-1", 
                "0"
            ], 
            [
                "-1", 
                "-1.8369701987210297e-016", 
                "1.2246467991473532e-016"
            ], 
            [
                "-1.2246467991473532e-016", 
                "-2.2496396739927864e-032", 
                "-1"
            ]
        ], 
        "Translation": [
            "-374.9999999999982", 
            "-9785", 
            "-4874.000000000002"
        ]
    }, 
    "top_left_hub5": {
        "Name": "top_left_hub5", 
        "CG": [
            "99.99999997839512", 
            "0", 
            "0"
        ], 
        "ID": "b2d531f7-f2db-4fa4-b13f-d678a2c8f604", 
        "MASS": "1.3180359603737082", 
        "Rotation": [
            [
                "1.8369701987210297e-016", 
                "-1", 
                "0"
            ], 
            [
                "-1", 
                "-1.8369701987210297e-016", 
                "1.2246467991473532e-016"
            ], 
            [
                "-1.2246467991473532e-016", 
                "-2.2496396739927864e-032", 
                "-1"
            ]
        ], 
        "Translation": [
            "-374.99999999999744", 
            "-13739", 
            "-4874.000000000003"
        ]
    }, 
    "top_left_hub6": {
        "Name": "top_left_hub6", 
        "CG": [
            "99.99999997839512", 
            "0", 
            "0"
        ], 
        "ID": "9fe8bc9d-53b9-4d3d-8ea8-81b8061f47ba", 
        "MASS": "1.3180359603737082", 
        "Rotation": [
            [
                "1.8369701987210297e-016", 
                "-1", 
                "0"
            ], 
            [
                "-1", 
                "-1.8369701987210297e-016", 
                "1.2246467991473532e-016"
            ], 
            [
                "-1.2246467991473532e-016", 
                "-2.2496396739927864e-032", 
                "-1"
            ]
        ], 
        "Translation": [
            "-374.9999999999967", 
            "-17693", 
            "-4874.000000000004"
        ]
    }, 
    "bottom_right_front3_prop": {
        "Name": "bottom_right_front3_prop", 
        "CG": [
            "0", 
            "0", 
            "85.725"
        ], 
        "ID": "7acaf2db-7330-49af-9189-e64dc0f893ef", 
        "MASS": "2.228", 
        "Rotation": [
            [
                "6.123233995736764e-017", 
                "-1.8369701987210297e-016", 
                "-1"
            ], 
            [
                "1.2246494047788407e-016", 
                "-1", 
                "1.83697019872103e-016"
            ], 
            [
                "-1", 
                "-1.2246494047788407e-016", 
                "-6.123233995736761e-017"
            ]
        ], 
        "Translation": [
            "48.45000000000104", 
            "5930.999999999999", 
            "4874.000000000001"
        ]
    }, 
    "top_left_hub8": {
        "Name": "top_left_hub8", 
        "CG": [
            "99.99999997839512", 
            "0", 
            "0"
        ], 
        "ID": "c9a8d357-324a-4dee-8985-d52f83dfcf18", 
        "MASS": "1.3180359603737082", 
        "Rotation": [
            [
                "1.8369701987210297e-016", 
                "-1", 
                "0"
            ], 
            [
                "-1", 
                "-1.8369701987210297e-016", 
                "1.2246467991473532e-016"
            ], 
            [
                "-1.2246467991473532e-016", 
                "-2.2496396739927864e-032", 
                "-1"
            ]
        ], 
        "Translation": [
            "-374.99999999999596", 
            "-21647", 
            "-4874.000000000005"
        ]
    }, 
    "top_left_bar6": {
        "Name": "top_left_bar6", 
        "CG": [
            "1876.9804036141304", 
            "0", 
            "0"
        ], 
        "ID": "ae0f82b6-3489-4b4a-8975-9b9be5ab1196", 
        "MASS": "21.74742309255374", 
        "Rotation": [
            [
                "1.8369701987210297e-016", 
                "-1", 
                "0"
            ], 
            [
                "-1", 
                "-1.8369701987210297e-016", 
                "1.2246467991473532e-016"
            ], 
            [
                "-1.2246467991473532e-016", 
                "-2.2496396739927864e-032", 
                "-1"
            ]
        ], 
        "Translation": [
            "-374.9999999999974", 
            "-13939", 
            "-4874.000000000003"
        ]
    }, 
    "bottom_left_rear3_motor": {
        "Name": "bottom_left_rear3_motor", 
        "CG": [
            "0", 
            "76.54500531811928", 
            "0"
        ], 
        "ID": "bcdb3796-c095-4927-91d7-9566f7ba7cb1", 
        "MASS": "60", 
        "Rotation": [
            [
                "6.123233995736766e-017", 
                "1", 
                "-6.123233995736766e-017"
            ], 
            [
                "1", 
                "-6.123233995736765e-017", 
                "2.4492935982947064e-016"
            ], 
            [
                "2.4492935982947064e-016", 
                "-6.123233995736767e-017", 
                "-1"
            ]
        ], 
        "Translation": [
            "-627.0000000000002", 
            "-5931.000000000001", 
            "4873.999999999999"
        ]
    }, 
    "bottom_right_front3_motor": {
        "Name": "bottom_right_front3_motor", 
        "CG": [
            "0", 
            "76.54500531811928", 
            "0"
        ], 
        "ID": "ca6ac7c3-12d2-4a49-8dc6-4d3309a9c967", 
        "MASS": "60", 
        "Rotation": [
            [
                "-1.8369701987210297e-016", 
                "-1", 
                "6.123233995736766e-017"
            ], 
            [
                "-1", 
                "1.83697019872103e-016", 
                "2.4492935982947064e-016"
            ], 
            [
                "-2.4492935982947064e-016", 
                "-6.123233995736761e-017", 
                "-1"
            ]
        ], 
        "Translation": [
            "-122.99999999999895", 
            "5930.999999999999", 
            "4874.000000000001"
        ]
    }, 
    "top_left_front0_motor": {
        "Name": "top_left_front0_motor", 
        "CG": [
            "0", 
            "76.54500531811928", 
            "0"
        ], 
        "ID": "cc42d05d-5f29-40a3-a211-a25564ceea8d", 
        "MASS": "60", 
        "Rotation": [
            [
                "-1.8369701987210297e-016", 
                "-1", 
                "6.123233995736766e-017"
            ], 
            [
                "1", 
                "-1.8369701987210297e-016", 
                "-1.2246467991473532e-016"
            ], 
            [
                "1.2246467991473532e-016", 
                "6.123233995736764e-017", 
                "1"
            ]
        ], 
        "Translation": [
            "-122.99999999999969", 
            "-1976.9999999999993", 
            "-4874"
        ]
    }, 
    "top_left_bar4": {
        "Name": "top_left_bar4", 
        "CG": [
            "1876.9804036141304", 
            "0", 
            "0"
        ], 
        "ID": "c6a971cf-e96e-458a-8b0a-ae4ca62bc986", 
        "MASS": "21.74742309255374", 
        "Rotation": [
            [
                "1.8369701987210297e-016", 
                "-1", 
                "0"
            ], 
            [
                "-1", 
                "-1.8369701987210297e-016", 
                "1.2246467991473532e-016"
            ], 
            [
                "-1.2246467991473532e-016", 
                "-2.2496396739927864e-032", 
                "-1"
            ]
        ], 
        "Translation": [
            "-374.99999999999886", 
            "-6030.999999999999", 
            "-4874.000000000001"
        ]
    }, 
    "bottom_right_bar10": {
        "Name": "bottom_right_bar10", 
        "CG": [
            "1876.9804036141304", 
            "0", 
            "0"
        ], 
        "ID": "cde1ae75-4b92-4022-b41c-d3df6839865f", 
        "MASS": "21.74742309255374", 
        "Rotation": [
            [
                "1.8369701987210297e-016", 
                "-1", 
                "0"
            ], 
            [
                "1", 
                "1.8369701987210297e-016", 
                "-2.4492935982947064e-016"
            ], 
            [
                "2.4492935982947064e-016", 
                "4.499279347985573e-032", 
                "1"
            ]
        ], 
        "Translation": [
            "-374.9999999999959", 
            "21847", 
            "4874.000000000005"
        ]
    }, 
    "top_right_bar3": {
        "Name": "top_right_bar3", 
        "CG": [
            "1876.9804036141304", 
            "0", 
            "0"
        ], 
        "ID": "f96db76f-1c64-4080-b380-52425a02cf9f", 
        "MASS": "21.74742309255374", 
        "Rotation": [
            [
                "-6.123233995736766e-017", 
                "1", 
                "0"
            ], 
            [
                "1", 
                "6.123233995736766e-017", 
                "1.2246467991473532e-016"
            ], 
            [
                "1.2246467991473532e-016", 
                "7.498798913309288e-033", 
                "-1"
            ]
        ], 
        "Translation": [
            "-375.00000000000006", 
            "2077.000000000001", 
            "-4874"
        ]
    }, 
    "top_right_bar0": {
        "Name": "top_right_bar0", 
        "CG": [
            "888.5000946130773", 
            "0", 
            "0"
        ], 
        "ID": "52dd62bd-f60b-46a2-84db-9ecacfb94cc1", 
        "MASS": "10.382123082104062", 
        "Rotation": [
            [
                "-6.123233995736766e-017", 
                "1", 
                "0"
            ], 
            [
                "1", 
                "6.123233995736766e-017", 
                "1.2246467991473532e-016"
            ], 
            [
                "1.2246467991473532e-016", 
                "7.498798913309288e-033", 
                "-1"
            ]
        ], 
        "Translation": [
            "-374.99999999999994", 
            "100.00000000000058", 
            "-4874"
        ]
    }, 
    "top_right_bar6": {
        "Name": "top_right_bar6", 
        "CG": [
            "1876.9804036141304", 
            "0", 
            "0"
        ], 
        "ID": "ef35fc9b-6bc6-4aa0-9f2d-7bf4082857a7", 
        "MASS": "21.74742309255374", 
        "Rotation": [
            [
                "-6.123233995736766e-017", 
                "1", 
                "0"
            ], 
            [
                "1", 
                "6.123233995736766e-017", 
                "1.2246467991473532e-016"
            ], 
            [
                "1.2246467991473532e-016", 
                "7.498798913309288e-033", 
                "-1"
            ]
        ], 
        "Translation": [
            "-375.00000000000074", 
            "13939", 
            "-4873.999999999997"
        ]
    }, 
    "top_right_bar4": {
        "Name": "top_right_bar4", 
        "CG": [
            "1876.9804036141304", 
            "0", 
            "0"
        ], 
        "ID": "73b85f69-fd43-48a4-b152-76693e20bfda", 
        "MASS": "21.74742309255374", 
        "Rotation": [
            [
                "-6.123233995736766e-017", 
                "1", 
                "0"
            ], 
            [
                "1", 
                "6.123233995736766e-017", 
                "1.2246467991473532e-016"
            ], 
            [
                "1.2246467991473532e-016", 
                "7.498798913309288e-033", 
                "-1"
            ]
        ], 
        "Translation": [
            "-375.0000000000003", 
            "6031.000000000001", 
            "-4873.999999999999"
        ]
    }, 
    "top_right_bar5": {
        "Name": "top_right_bar5", 
        "CG": [
            "1876.9804036141304", 
            "0", 
            "0"
        ], 
        "ID": "b0ba7b04-6e6f-4c26-93b8-1d2f8488f8f2", 
        "MASS": "21.74742309255374", 
        "Rotation": [
            [
                "-6.123233995736766e-017", 
                "1", 
                "0"
            ], 
            [
                "1", 
                "6.123233995736766e-017", 
                "1.2246467991473532e-016"
            ], 
            [
                "1.2246467991473532e-016", 
                "7.498798913309288e-033", 
                "-1"
            ]
        ], 
        "Translation": [
            "-375.0000000000005", 
            "9985", 
            "-4873.999999999998"
        ]
    }, 
    "top_right_hub6": {
        "Name": "top_right_hub6", 
        "CG": [
            "99.99999997839512", 
            "0", 
            "0"
        ], 
        "ID": "97d5437c-71a7-4f12-b63e-d066ed231090", 
        "MASS": "1.3180359603737082", 
        "Rotation": [
            [
                "-6.123233995736766e-017", 
                "1", 
                "0"
            ], 
            [
                "1", 
                "6.123233995736766e-017", 
                "1.2246467991473532e-016"
            ], 
            [
                "1.2246467991473532e-016", 
                "7.498798913309288e-033", 
                "-1"
            ]
        ], 
        "Translation": [
