{
    "right_wing": {
        "Name": "right_wing", 
        "CG": [
            "446.5108048426222", 
            "0", 
            "5000.000000000002"
        ], 
        "ID": "31451df4-4bcb-4c1c-b1f5-a4cf773d68cb", 
        "MASS": "1712858.2838348306", 
        "Rotation": [
            [
                "-1", 
                "-8.035122827338563e-081", 
                "0"
            ], 
            [
                "4.920093725628002e-097", 
                "-6.123233995736767e-017", 
                "1"
            ], 
            [
                "-8.035122827338563e-081", 
                "1", 
                "6.123233995736767e-017"
            ]
        ], 
        "Translation": [
            "125", 
            "7.6e+002", 
            "-7.999999999999972"
        ]
    }, 
    "right_battery": {
        "Name": "right_battery", 
        "CG": [
            "375", 
            "0", 
            "4793.443200000001"
        ], 
        "ID": "a32772d3-9142-4e06-8d08-637453a7887c", 
        "MASS": "457.92", 
        "Rotation": [
            [
                "-1", 
                "-8.035122827338563e-081", 
                "0"
            ], 
            [
                "4.920093725628002e-097", 
                "-6.123233995736767e-017", 
                "1"
            ], 
            [
                "-8.035122827338563e-081", 
                "1", 
                "6.123233995736767e-017"
            ]
        ], 
        "Translation": [
            "125", 
            "7.6e+002", 
            "-7.999999999999936"
        ]
    }, 
    "fuselage": {
        "Name": "fuselage", 
        "CG": [
            "-219.56636122546016", 
            "0", 
            "19.090285967292782"
        ], 
        "ID": "541a935e-dd9c-4cbf-a8cf-107e78283fd6", 
        "MASS": "185.6406258571154", 
        "Rotation": [
            [
                "1", 
                "0", 
                "0"
            ], 
            [
                "0", 
                "1", 
                "0"
            ], 
            [
                "0", 
                "0", 
                "1"
            ]
        ], 
        "Translation": [
            "1e-020", 
            "1e-020", 
            "1e-020"
        ]
    }, 
    "top_right_bar2": {
        "Name": "top_right_bar2", 
        "CG": [
            "2733.9934345918814", 
            "0", 
            "0"
        ], 
        "ID": "828af491-c1e7-4bd2-8e02-5cdd8906171a", 
        "MASS": "31.60572047979885", 
        "Rotation": [
            [
                "-6.123233995736766e-017", 
                "1", 
                "0"
            ], 
            [
                "1", 
                "6.123233995736766e-017", 
                "1.2246467991473532e-016"
            ], 
            [
                "1.2246467991473532e-016", 
                "7.498798913309288e-033", 
                "-1"
            ]
        ], 
        "Translation": [
            "-375.00000000000045", 
            "8602", 
            "-3405.999999999999"
        ]
    }, 
    "top_right_bar0": {
        "Name": "top_right_bar0", 
        "CG": [
            "1316.9999931671869", 
            "0", 
            "0"
        ], 
        "ID": "f9c8117e-168e-43ba-86f0-1be61681b337", 
        "MASS": "15.308882433295157", 
        "Rotation": [
            [
                "-6.123233995736766e-017", 
                "1", 
                "0"
            ], 
            [
                "1", 
                "6.123233995736766e-017", 
                "1.2246467991473532e-016"
            ], 
            [
                "1.2246467991473532e-016", 
                "7.498798913309288e-033", 
                "-1"
            ]
        ], 
        "Translation": [
            "-374.99999999999994", 
            "100.0000000000004", 
            "-3406"
        ]
    }, 
    "top_left_front0_prop": {
        "Name": "top_left_front0_prop", 
        "CG": [
            "0", 
            "0", 
            "52.387499999999996"
        ], 
        "ID": "4cb828fd-bdf3-4f58-9d66-81f34a04a88b", 
        "MASS": "1.231", 
        "Rotation": [
            [
                "6.123233995736764e-017", 
                "-1.8369701987210297e-016", 
                "-1"
            ], 
            [
                "-2.605631487468091e-022", 
                "1", 
                "-1.8369701987210297e-016"
            ], 
            [
                "1", 
                "2.605631487468091e-022", 
                "6.123233995736764e-017"
            ]
        ], 
        "Translation": [
            "-68.2249999999995", 
            "-2833.9999999999995", 
            "-3406.0000000000005"
        ]
    }, 
    "top_left_front0_motor": {
        "Name": "top_left_front0_motor", 
        "CG": [
            "0", 
            "51.10735335352052", 
            "0.0020987052962313513"
        ], 
        "ID": "d14409e4-5f1d-41d8-ab80-14dc343e4f3f", 
        "MASS": "10", 
        "Rotation": [
            [
                "-1.8369701987210297e-016", 
                "-1", 
                "6.123233995736766e-017"
            ], 
            [
                "1", 
                "-1.8369701987210297e-016", 
                "-1.2246467991473532e-016"
            ], 
            [
                "1.2246467991473532e-016", 
                "6.123233995736764e-017", 
                "1"
            ]
        ], 
        "Translation": [
            "-172.9999999999995", 
            "-2833.9999999999995", 
            "-3406.0000000000005"
        ]
    }, 
    "top_hub": {
        "Name": "top_hub", 
        "CG": [
            "99.99999997839512", 
            "0", 
            "0"
        ], 
        "ID": "dc4c10b0-ec3a-4fd8-8c8a-b4fb352b9a98", 
        "MASS": "1.3180359603737082", 
        "Rotation": [
            [
                "0", 
                "4.017561413669283e-081", 
                "-1"
            ], 
            [
                "1.2246467991473532e-016", 
                "-1", 
                "-4.017561413669283e-081"
            ], 
            [
                "-1", 
                "-1.2246467991473532e-016", 
                "-4.920093725628002e-097"
            ]
        ], 
        "Translation": [
            "-375", 
            "3.8284935863892615e-013", 
            "-3306"
        ]
    }, 
    "top_left_bar2": {
        "Name": "top_left_bar2", 
        "CG": [
            "2733.9934345918814", 
            "0", 
            "0"
        ], 
        "ID": "a266fa22-37a0-4899-a9f2-0c1ecce1c027", 
        "MASS": "31.60572047979885", 
        "Rotation": [
            [
                "1.8369701987210297e-016", 
                "-1", 
                "0"
            ], 
            [
                "-1", 
                "-1.8369701987210297e-016", 
                "1.2246467991473532e-016"
            ], 
            [
                "-1.2246467991473532e-016", 
                "-2.2496396739927864e-032", 
                "-1"
            ]
        ], 
        "Translation": [
            "-374.99999999999835", 
            "-8602", 
            "-3406.000000000001"
        ]
    }, 
    "top_left_bar0": {
        "Name": "top_left_bar0", 
        "CG": [
            "1316.9999931671869", 
            "0", 
            "0"
        ], 
        "ID": "6987efe6-097d-4e6a-8d13-1c10831df89e", 
        "MASS": "15.308882433295157", 
        "Rotation": [
            [
                "1.8369701987210297e-016", 
                "-1", 
                "0"
            ], 
            [
                "-1", 
                "-1.8369701987210297e-016", 
                "1.2246467991473532e-016"
            ], 
            [
                "-1.2246467991473532e-016", 
                "-2.2496396739927864e-032", 
                "-1"
            ]
        ], 
        "Translation": [
            "-375", 
            "-99.9999999999996", 
            "-3406"
        ]
    }, 
    "top_left_bar1": {
        "Name": "top_left_bar1", 
        "CG": [
            "2733.9934345918814", 
            "0", 
            "0"
        ], 
        "ID": "b315ea20-29ff-4b47-8629-a0d424294f7b", 
        "MASS": "31.60572047979885", 
        "Rotation": [
            [
                "1.8369701987210297e-016", 
                "-1", 
                "0"
            ], 
            [
                "-1", 
                "-1.8369701987210297e-016", 
                "1.2246467991473532e-016"
            ], 
            [
                "-1.2246467991473532e-016", 
                "-2.2496396739927864e-032", 
                "-1"
            ]
        ], 
        "Translation": [
            "-374.99999999999943", 
            "-2933.9999999999995", 
            "-3406.0000000000005"
        ]
    }, 
    "top_bar": {
        "Name": "top_bar", 
        "CG": [
            "1273.0000019000297", 
            "0", 
            "0"
        ], 
        "ID": "fcaf927f-a0c8-44e7-8b44-7d4d153c2229", 
        "MASS": "14.802551980997562", 
        "Rotation": [
            [
                "0", 
                "4.017561413669283e-081", 
                "-1"
            ], 
            [
                "1.2246467991473532e-016", 
                "-1", 
                "-4.017561413669283e-081"
            ], 
            [
                "-1", 
                "-1.2246467991473532e-016", 
                "-4.920093725628002e-097"
            ]
        ], 
        "Translation": [
            "-375", 
            "7.105428357601002e-014", 
            "-7.6e+002"
        ]
    }, 
    "bottom_left_front2_prop": {
        "Name": "bottom_left_front2_prop", 
        "CG": [
            "0", 
            "0", 
            "52.387499999999996"
        ], 
        "ID": "35b3f218-c235-4f4a-b109-e0f33d9f5508", 
        "MASS": "1.231", 
        "Rotation": [
            [
                "1.8369701987210297e-016", 
                "6.123233995736764e-017", 
                "-1"
            ], 
            [
                "-1.2246494047788407e-016", 
                "1", 
                "6.123233995736761e-017"
            ], 
            [
                "1", 
                "1.2246494047788407e-016", 
                "1.83697019872103e-016"
            ]
        ], 
        "Translation": [
            "-68.2250000000008", 
            "-1.417e+004", 
            "3405.999999999997"
        ]
    }, 
    "top_left_front1_prop": {
        "Name": "top_left_front1_prop", 
        "CG": [
            "0", 
            "0", 
            "52.387499999999996"
        ], 
        "ID": "685d0176-7543-4565-930c-1e9b85c31f6b", 
        "MASS": "1.231", 
        "Rotation": [
            [
                "6.123233995736764e-017", 
                "-1.8369701987210297e-016", 
                "-1"
            ], 
            [
                "-2.605631487468091e-022", 
                "1", 
                "-1.8369701987210297e-016"
            ], 
            [
                "1", 
                "2.605631487468091e-022", 
                "6.123233995736764e-017"
            ]
        ], 
        "Translation": [
            "-68.22499999999842", 
            "-8502", 
            "-3406.000000000001"
        ]
    }, 
    "top_right_hub0": {
        "Name": "top_right_hub0", 
        "CG": [
            "99.99999997839512", 
            "0", 
            "0"
        ], 
        "ID": "3aa1b55f-4344-4bd6-816d-07b75e5d210f", 
        "MASS": "1.3180359603737082", 
        "Rotation": [
            [
                "-6.123233995736766e-017", 
                "1", 
                "0"
            ], 
            [
                "1", 
                "6.123233995736766e-017", 
                "1.2246467991473532e-016"
            ], 
            [
                "1.2246467991473532e-016", 
                "7.498798913309288e-033", 
                "-1"
            ]
        ], 
        "Translation": [
            "-375.0000000000001", 
            "2734.0000000000005", 
            "-3405.9999999999995"
        ]
    }, 
    "bottom_right_hub1": {
        "Name": "bottom_right_hub1", 
        "CG": [
            "99.99999997839512", 
            "0", 
            "0"
        ], 
        "ID": "46018a04-22e8-4ca2-8322-922ef1dd0417", 
        "MASS": "1.3180359603737082", 
        "Rotation": [
            [
                "1.8369701987210297e-016", 
                "-1", 
                "0"
            ], 
            [
                "1", 
                "1.8369701987210297e-016", 
                "-2.4492935982947064e-016"
            ], 
            [
                "2.4492935982947064e-016", 
                "4.499279347985573e-032", 
                "1"
            ]
        ], 
        "Translation": [
            "-374.9999999999984", 
            "8402", 
            "3406.000000000002"
        ]
    }, 
    "top_right_hub2": {
        "Name": "top_right_hub2", 
        "CG": [
            "99.99999997839512", 
            "0", 
            "0"
        ], 
        "ID": "5ad63ec7-0654-4dab-99ae-8753f2c45228", 
        "MASS": "1.3180359603737082", 
        "Rotation": [
            [
                "-6.123233995736766e-017", 
                "1", 
                "0"
            ], 
            [
                "1", 
                "6.123233995736766e-017", 
                "1.2246467991473532e-016"
            ], 
            [
                "1.2246467991473532e-016", 
                "7.498798913309288e-033", 
                "-1"
            ]
        ], 
        "Translation": [
            "-375.0000000000008", 
            "1.407e+004", 
            "-3405.9999999999986"
        ]
    }, 
    "top_right_bar1": {
        "Name": "top_right_bar1", 
        "CG": [
            "2733.9934345918814", 
            "0", 
            "0"
        ], 
        "ID": "25fc7592-0c51-4cf1-99d1-82a9e3b9baad", 
        "MASS": "31.60572047979885", 
        "Rotation": [
            [
                "-6.123233995736766e-017", 
                "1", 
                "0"
            ], 
            [
                "1", 
                "6.123233995736766e-017", 
                "1.2246467991473532e-016"
            ], 
            [
                "1.2246467991473532e-016", 
                "7.498798913309288e-033", 
                "-1"
            ]
        ], 
        "Translation": [
            "-375.0000000000001", 
            "2934.0000000000005", 
            "-3405.9999999999995"
        ]
    }, 
    "passenger2": {
        "Name": "passenger2", 
        "CG": [
            "-84.7353088765274", 
            "0", 
            "-541.7015266436733"
        ], 
        "ID": "b38bd543-602f-4860-9c50-0c34b3d4bee6", 
        "MASS": "90", 
        "Rotation": [
            [
                "0.8660254037844387", 
                "2.0543219653946353e-018", 
                "0.49999999999999994"
            ], 
            [
                "-2.3721266794455074e-018", 
                "1", 
                "0"
            ], 
            [
                "-0.49999999999999994", 
                "-1.1860633397227535e-018", 
                "0.8660254037844387"
            ]
        ], 
        "Translation": [
            "5.6292719621909555", 
            "2e+002", 
            "573.7500000000001"
        ]
    }, 
    "bottom_right_front1_prop": {
        "Name": "bottom_right_front1_prop", 
        "CG": [
            "0", 
            "0", 
            "52.387499999999996"
        ], 
        "ID": "cff7777a-e686-4f71-a25d-6c6bc2e7028a", 
        "MASS": "1.231", 
        "Rotation": [
            [
                "6.123233995736764e-017", 
                "-1.8369701987210297e-016", 
                "-1"
            ], 
            [
                "1.2246494047788407e-016", 
                "-1", 
                "1.83697019872103e-016"
            ], 
            [
                "-1", 
                "-1.2246494047788407e-016", 
                "-6.123233995736761e-017"
            ]
        ], 
        "Translation": [
            "-68.22499999999842", 
            "8502", 
            "3406.000000000002"
        ]
    }, 
    "passenger1": {
        "Name": "passenger1", 
        "CG": [
            "-84.7353088765274", 
            "0", 
            "-541.7015266436733"
        ], 
        "ID": "90113bd2-9e5a-4422-940d-43150b027d50", 
        "MASS": "90", 
        "Rotation": [
            [
                "0.8660254037844387", 
                "2.0543219653946353e-018", 
                "0.49999999999999994"
            ], 
            [
                "-2.3721266794455074e-018", 
                "1", 
                "0"
            ], 
            [
                "-0.49999999999999994", 
                "-1.1860633397227535e-018", 
                "0.8660254037844387"
            ]
        ], 
        "Translation": [
            "5.6292719621909555", 
            "-2e+002", 
            "573.7500000000001"
        ]
    }, 
    "top_right_front0_prop": {
        "Name": "top_right_front0_prop", 
        "CG": [
            "0", 
            "0", 
            "52.387499999999996"
        ], 
        "ID": "a43a57ef-2170-43cd-b25e-6d1fc2682010", 
        "MASS": "1.231", 
        "Rotation": [
            [
                "1.8369701987210297e-016", 
                "6.123233995736764e-017", 
                "-1"
            ], 
            [
                "2.605631487468091e-022", 
                "-1", 
                "-6.123233995736764e-017"
            ], 
            [
                "-1", 
                "-2.605631487468091e-022", 
                "-1.8369701987210297e-016"
            ]
        ], 
        "Translation": [
            "-68.22500000000012", 
            "2834.0000000000005", 
            "-3405.9999999999995"
        ]
    }, 
    "top_right_front1_motor": {
        "Name": "top_right_front1_motor", 
        "CG": [
            "0", 
            "51.10735335352052", 
            "0.0020987052962313513"
        ], 
        "ID": "a6e7a13b-619a-4ff7-89c5-6990b8580e8c", 
        "MASS": "10", 
        "Rotation": [
            [
                "6.123233995736766e-017", 
                "-1", 
                "1.8369701987210297e-016"
            ], 
            [
                "-1", 
                "-6.123233995736764e-017", 
                "1.2246467991473532e-016"
            ], 
            [
                "-1.2246467991473532e-016", 
                "-1.8369701987210297e-016", 
                "-1"
            ]
        ], 
        "Translation": [
            "-173.00000000000045", 
            "8502", 
            "-3405.999999999999"
        ]
    }, 
    "top_left_hub2": {
        "Name": "top_left_hub2", 
        "CG": [
            "99.99999997839512", 
            "0", 
            "0"
        ], 
        "ID": "f54673b1-22ac-476a-bb8c-29da93471ae1", 
        "MASS": "1.3180359603737082", 
        "Rotation": [
            [
                "1.8369701987210297e-016", 
                "-1", 
                "0"
            ], 
            [
                "-1", 
                "-1.8369701987210297e-016", 
                "1.2246467991473532e-016"
            ], 
            [
                "-1.2246467991473532e-016", 
                "-2.2496396739927864e-032", 
                "-1"
            ]
        ], 
        "Translation": [
            "-374.9999999999973", 
            "-1.407e+004", 
            "-3406.0000000000014"
        ]
    }, 
    "top_right_front0_motor": {
        "Name": "top_right_front0_motor", 
        "CG": [
            "0", 
            "51.10735335352052", 
            "0.0020987052962313513"
        ], 
        "ID": "87ef365a-94e3-479c-b31b-8fed9a0d973e", 
        "MASS": "10", 
        "Rotation": [
            [
                "6.123233995736766e-017", 
                "-1", 
                "1.8369701987210297e-016"
            ], 
            [
                "-1", 
                "-6.123233995736764e-017", 
                "1.2246467991473532e-016"
            ], 
            [
                "-1.2246467991473532e-016", 
                "-1.8369701987210297e-016", 
                "-1"
            ]
        ], 
        "Translation": [
            "-173.0000000000001", 
            "2834.0000000000005", 
            "-3405.9999999999995"
        ]
    }, 
    "top_right_front2_prop": {
        "Name": "top_right_front2_prop", 
        "CG": [
            "0", 
            "0", 
            "52.387499999999996"
        ], 
        "ID": "a9b6c36b-cd98-4c51-a029-6c73a4dc2c62", 
        "MASS": "1.231", 
        "Rotation": [
            [
                "1.8369701987210297e-016", 
                "6.123233995736764e-017", 
                "-1"
            ], 
            [
                "2.605631487468091e-022", 
                "-1", 
                "-6.123233995736764e-017"
            ], 
            [
                "-1", 
                "-2.605631487468091e-022", 
                "-1.8369701987210297e-016"
            ]
        ], 
        "Translation": [
            "-68.2250000000008", 
            "1.417e+004", 
            "-3405.9999999999986"
        ]
    }, 
    "bottom_left_bar2": {
        "Name": "bottom_left_bar2", 
        "CG": [
            "2733.9934345918814", 
            "0", 
            "0"
        ], 
        "ID": "069014af-ad35-455a-ae54-dc72e5b69f82", 
        "MASS": "31.60572047979885", 
        "Rotation": [
            [
                "-6.123233995736766e-017", 
                "1", 
                "0"
            ], 
            [
                "-1", 
                "-6.123233995736766e-017", 
                "-2.4492935982947064e-016"
            ], 
            [
                "-2.4492935982947064e-016", 
                "-1.4997597826618576e-032", 
                "1"
            ]
        ], 
        "Translation": [
            "-375.00000000000045", 
            "-8602", 
            "3405.999999999998"
        ]
    }, 
    "bottom_left_bar1": {
        "Name": "bottom_left_bar1", 
        "CG": [
            "2733.9934345918814", 
            "0", 
            "0"
        ], 
        "ID": "167e9dd3-b662-4916-9a21-78685bd807c8", 
        "MASS": "31.60572047979885", 
        "Rotation": [
            [
                "-6.123233995736766e-017", 
                "1", 
                "0"
            ], 
            [
                "-1", 
                "-6.123233995736766e-017", 
                "-2.4492935982947064e-016"
            ], 
            [
                "-2.4492935982947064e-016", 
                "-1.4997597826618576e-032", 
                "1"
            ]
        ], 
        "Translation": [
            "-375.0000000000001", 
            "-2934.000000000001", 
            "3405.9999999999995"
        ]
    }, 
    "bottom_left_bar0": {
        "Name": "bottom_left_bar0", 
        "CG": [
            "1316.9999931671869", 
            "0", 
            "0"
        ], 
        "ID": "5de8c4af-29de-43db-b7b2-f71baa98a729", 
        "MASS": "15.308882433295157", 
        "Rotation": [
            [
                "-6.123233995736766e-017", 
                "1", 
                "0"
            ], 
            [
                "-1", 
                "-6.123233995736766e-017", 
                "-2.4492935982947064e-016"
            ], 
            [
                "-2.4492935982947064e-016", 
                "-1.4997597826618576e-032", 
                "1"
            ]
        ], 
        "Translation": [
            "-374.99999999999994", 
            "-100.00000000000081", 
            "3406"
        ]
    }, 
    "bottom_right_front2_prop": {
        "Name": "bottom_right_front2_prop", 
        "CG": [
            "0", 
            "0", 
            "52.387499999999996"
        ], 
        "ID": "5e670183-5b57-44c1-8e0b-8f5ca6b6a442", 
        "MASS": "1.231", 
        "Rotation": [
            [
                "6.123233995736764e-017", 
                "-1.8369701987210297e-016", 
                "-1"
            ], 
            [
                "1.2246494047788407e-016", 
                "-1", 
                "1.83697019872103e-016"
            ], 
            [
                "-1", 
                "-1.2246494047788407e-016", 
                "-6.123233995736761e-017"
            ]
        ], 
        "Translation": [
            "-68.22499999999734", 
            "1.417e+004", 
            "3406.000000000003"
        ]
    }, 
    "bottom_right_front0_motor": {
        "Name": "bottom_right_front0_motor", 
        "CG": [
            "0", 
            "51.10735335352052", 
            "0.0020987052962313513"
        ], 
        "ID": "848c60fe-1f72-4186-bf1b-92bf98a8fed4", 
        "MASS": "10", 
        "Rotation": [
            [
                "-1.8369701987210297e-016", 
                "-1", 
                "6.123233995736766e-017"
            ], 
            [
                "-1", 
                "1.83697019872103e-016", 
                "2.4492935982947064e-016"
            ], 
            [
                "-2.4492935982947064e-016", 
                "-6.123233995736761e-017", 
                "-1"
            ]
        ], 
        "Translation": [
            "-172.9999999999995", 
            "2833.999999999999", 
            "3406.0000000000005"
        ]
    }, 
    "bottom_right_bar1": {
        "Name": "bottom_right_bar1", 
        "CG": [
            "2733.9934345918814", 
            "0", 
            "0"
        ], 
        "ID": "52695a22-3e9f-49eb-831b-f6a09d20357c", 
        "MASS": "31.60572047979885", 
        "Rotation": [
            [
                "1.8369701987210297e-016", 
                "-1", 
                "0"
            ], 
            [
                "1", 
                "1.8369701987210297e-016", 
                "-2.4492935982947064e-016"
            ], 
            [
                "2.4492935982947064e-016", 
                "4.499279347985573e-032", 
                "1"
            ]
        ], 
        "Translation": [
            "-374.99999999999943", 
            "2933.999999999999", 
            "3406.0000000000005"
        ]
    }, 
    "bottom_right_bar0": {
        "Name": "bottom_right_bar0", 
        "CG": [
            "1316.9999931671869", 
            "0", 
            "0"
        ], 
        "ID": "a637fde9-e0af-4712-8f3d-8640c24e4184", 
        "MASS": "15.308882433295157", 
        "Rotation": [
            [
                "1.8369701987210297e-016", 
                "-1", 
                "0"
            ], 
            [
                "1", 
                "1.8369701987210297e-016", 
                "-2.4492935982947064e-016"
            ], 
            [
                "2.4492935982947064e-016", 
                "4.499279347985573e-032", 
                "1"
            ]
        ], 
        "Translation": [
            "-375", 
            "99.99999999999919", 
            "3406"
        ]
    }, 
    "bottom_left_front1_motor": {
        "Name": "bottom_left_front1_motor", 
        "CG": [
            "0", 
            "51.10735335352052", 
            "0.0020987052962313513"
        ], 
        "ID": "a7063b9c-a733-498b-bc2f-dbed4c26f229", 
        "MASS": "10", 
        "Rotation": [
            [
                "6.123233995736766e-017", 
                "-1", 
                "1.8369701987210297e-016"
            ], 
            [
                "1", 
                "6.123233995736761e-017", 
                "-2.4492935982947064e-016"
            ], 
            [
                "2.4492935982947064e-016", 
                "1.83697019872103e-016", 
                "1"
            ]
        ], 
        "Translation": [
            "-173.00000000000045", 
            "-8502", 
            "3405.999999999998"
        ]
    }, 
    "bottom_right_bar2": {
        "Name": "bottom_right_bar2", 
        "CG": [
            "2733.9934345918814", 
            "0", 
            "0"
        ], 
        "ID": "7ce6bcaa-074f-484f-876b-ab6d1c31c242", 
        "MASS": "31.60572047979885", 
        "Rotation": [
            [
                "1.8369701987210297e-016", 
                "-1", 
                "0"
            ], 
            [
                "1", 
                "1.8369701987210297e-016", 
                "-2.4492935982947064e-016"
            ], 
            [
                "2.4492935982947064e-016", 
                "4.499279347985573e-032", 
                "1"
            ]
        ], 
        "Translation": [
            "-374.99999999999835", 
            "8602", 
            "3406.000000000002"
        ]
    }, 
    "bottom_left_front0_prop": {
        "Name": "bottom_left_front0_prop", 
        "CG": [
            "0", 
            "0", 
            "52.387499999999996"
        ], 
        "ID": "b14f0f1d-7dbe-458f-8748-635c577b9784", 
        "MASS": "1.231", 
        "Rotation": [
            [
                "1.8369701987210297e-016", 
                "6.123233995736764e-017", 
                "-1"
            ], 
            [
                "-1.2246494047788407e-016", 
                "1", 
                "6.123233995736761e-017"
            ], 
            [
                "1", 
                "1.2246494047788407e-016", 
                "1.83697019872103e-016"
            ]
        ], 
        "Translation": [
            "-68.22500000000012", 
            "-2834.000000000001", 
            "3405.9999999999995"
        ]
    }, 
    "top_left_front2_motor": {
        "Name": "top_left_front2_motor", 
        "CG": [
            "0", 
            "51.10735335352052", 
            "0.0020987052962313513"
        ], 
        "ID": "a8a28d54-1efc-41cc-b8ea-bb91b6af8587", 
        "MASS": "10", 
        "Rotation": [
            [
                "-1.8369701987210297e-016", 
                "-1", 
                "6.123233995736766e-017"
            ], 
            [
                "1", 
                "-1.8369701987210297e-016", 
                "-1.2246467991473532e-016"
            ], 
            [
                "1.2246467991473532e-016", 
                "6.123233995736764e-017", 
                "1"
            ]
        ], 
        "Translation": [
            "-172.99999999999733", 
            "-1.417e+004", 
            "-3406.0000000000014"
        ]
    }, 
    "top_left_front1_motor": {
        "Name": "top_left_front1_motor", 
        "CG": [
            "0", 
            "51.10735335352052", 
            "0.0020987052962313513"
        ], 
        "ID": "c1d5c696-eb31-44f0-b052-93701a1bcbad", 
        "MASS": "10", 
        "Rotation": [
            [
                "-1.8369701987210297e-016", 
                "-1", 
                "6.123233995736766e-017"
            ], 
            [
                "1", 
                "-1.8369701987210297e-016", 
                "-1.2246467991473532e-016"
            ], 
            [
                "1.2246467991473532e-016", 
                "6.123233995736764e-017", 
                "1"
            ]
        ], 
        "Translation": [
            "-172.9999999999984", 
            "-8502", 
            "-3406.000000000001"
        ]
    }, 
    "bottom_left_hub1": {
        "Name": "bottom_left_hub1", 
        "CG": [
            "99.99999997839512", 
            "0", 
            "0"
        ], 
        "ID": "47e45853-2151-48a7-ab9a-5c2e041035f8", 
        "MASS": "1.3180359603737082", 
        "Rotation": [
            [
                "-6.123233995736766e-017", 
                "1", 
                "0"
            ], 
            [
                "-1", 
                "-6.123233995736766e-017", 
                "-2.4492935982947064e-016"
            ], 
            [
                "-2.4492935982947064e-016", 
                "-1.4997597826618576e-032", 
                "1"
            ]
        ], 
        "Translation": [
            "-375.00000000000045", 
            "-8402", 
            "3405.999999999998"
        ]
    }, 
    "bottom_left_hub0": {
        "Name": "bottom_left_hub0", 
        "CG": [
            "99.99999997839512", 
            "0", 
            "0"
        ], 
        "ID": "5cd14275-45bd-4765-bffc-5a83dd7639c6", 
        "MASS": "1.3180359603737082", 
        "Rotation": [
            [
                "-6.123233995736766e-017", 
                "1", 
                "0"
            ], 
            [
                "-1", 
                "-6.123233995736766e-017", 
                "-2.4492935982947064e-016"
            ], 
            [
                "-2.4492935982947064e-016", 
                "-1.4997597826618576e-032", 
                "1"
            ]
        ], 
        "Translation": [
            "-375.0000000000001", 
            "-2734.000000000001", 
            "3405.9999999999995"
        ]
    }, 
    "bottom_left_hub2": {
        "Name": "bottom_left_hub2", 
        "CG": [
            "99.99999997839512", 
            "0", 
            "0"
        ], 
        "ID": "80e1a8ad-8708-4f12-b6a2-1d411b0626d8", 
        "MASS": "1.3180359603737082", 
        "Rotation": [
            [
                "-6.123233995736766e-017", 
                "1", 
                "0"
            ], 
            [
                "-1", 
                "-6.123233995736766e-017", 
                "-2.4492935982947064e-016"
            ], 
            [
                "-2.4492935982947064e-016", 
                "-1.4997597826618576e-032", 
                "1"
            ]
        ], 
        "Translation": [
            "-375.0000000000008", 
            "-1.407e+004", 
            "3405.999999999997"
        ]
    }, 
    "top_left_rear1_prop": {
        "Name": "top_left_rear1_prop", 
        "CG": [
            "0", 
            "0", 
            "52.387499999999996"
        ], 
        "ID": "ae577ffe-f969-4689-9c68-204e7ce98a15", 
        "MASS": "1.231", 
        "Rotation": [
            [
                "-1.83697019872103e-016", 
                "-1.8369701987210294e-016", 
                "1"
            ], 
            [
                "2.4492909926632187e-016", 
                "1", 
                "1.83697019872103e-016"
            ], 
            [
                "-1", 
                "2.4492909926632187e-016", 
                "-1.8369701987210294e-016"
            ]
        ], 
        "Translation": [
            "-681.7749999999984", 
            "-8502", 
            "-3406.000000000001"
        ]
    }, 
    "top_right_rear1_prop": {
        "Name": "top_right_rear1_prop", 
        "CG": [
            "0", 
            "0", 
            "52.387499999999996"
        ], 
        "ID": "53825b12-8237-4dff-988b-e604cb54db47", 
        "MASS": "1.231", 
        "Rotation": [
            [
                "-6.123233995736765e-017", 
                "6.123233995736767e-017", 
                "1"
            ], 
            [
                "-2.4492909926632187e-016", 
                "-1", 
                "6.123233995736765e-017"
            ], 
            [
                "1", 
                "-2.4492909926632187e-016", 
                "6.123233995736767e-017"
            ]
        ], 
        "Translation": [
            "-681.7750000000004", 
            "8502", 
            "-3405.999999999999"
        ]
    }, 
    "bottom_hub": {
        "Name": "bottom_hub", 
        "CG": [
            "99.99999997839512", 
            "0", 
            "0"
        ], 
        "ID": "f49e5987-0a78-4037-b707-301f7500f8bf", 
        "MASS": "1.3180359603737082", 
        "Rotation": [
            [
                "0", 
                "0", 
                "-1"
            ], 
            [
                "-2.4492935982947064e-016", 
                "1", 
                "0"
            ], 
            [
                "1", 
                "2.4492935982947064e-016", 
                "0"
            ]
        ], 
        "Translation": [
            "-375", 
            "-7.870149693506553e-013", 
            "3306"
        ]
    }, 
    "bottom_left_rear1_motor": {
        "Name": "bottom_left_rear1_motor", 
        "CG": [
            "0", 
            "51.10735335352052", 
            "0.0020987052962313513"
        ], 
        "ID": "285affd1-4fc4-4751-9781-00144f159a6e", 
        "MASS": "10", 
        "Rotation": [
            [
                "6.123233995736766e-017", 
                "1", 
                "-6.123233995736766e-017"
            ], 
            [
                "1", 
                "-6.123233995736765e-017", 
                "2.4492935982947064e-016"
            ], 
            [
                "2.4492935982947064e-016", 
                "-6.123233995736767e-017", 
                "-1"
            ]
        ], 
        "Translation": [
            "-577.0000000000005", 
            "-8502", 
            "3405.999999999998"
        ]
    }, 
    "bottom_bar": {
        "Name": "bottom_bar", 
        "CG": [
            "1273.0000019000297", 
            "0", 
            "0"
        ], 
        "ID": "9fcfcaa8-ae8e-4b5c-a8f4-dfe71c161e92", 
        "MASS": "14.802551980997562", 
        "Rotation": [
            [
                "0", 
                "0", 
                "-1"
            ], 
            [
                "-2.4492935982947064e-016", 
                "1", 
                "0"
            ], 
            [
                "1", 
                "2.4492935982947064e-016", 
                "0"
            ]
        ], 
        "Translation": [
            "-375", 
            "-1.6342481922482303e-013", 
            "7.6e+002"
        ]
    }, 
    "bottom_left_rear1_prop": {
        "Name": "bottom_left_rear1_prop", 
        "CG": [
            "0", 
            "0", 
            "52.387499999999996"
        ], 
        "ID": "78474b56-4337-4e88-88a7-755334d840b0", 
        "MASS": "1.231", 
        "Rotation": [
            [
                "-6.123233995736765e-017", 
                "6.123233995736767e-017", 
                "1"
            ], 
            [
                "3.673937791810572e-016", 
                "1", 
                "-6.123233995736765e-017"
            ], 
            [
                "-1", 
                "3.673937791810572e-016", 
                "-6.123233995736767e-017"
            ]
        ], 
        "Translation": [
            "-681.7750000000004", 
            "-8502", 
            "3405.999999999998"
        ]
    }, 
    "top_left_rear1_motor": {
        "Name": "top_left_rear1_motor", 
        "CG": [
            "0", 
            "51.10735335352052", 
            "0.0020987052962313513"
        ], 
        "ID": "f1a835c8-59d9-49c3-ad7d-630e796a1073", 
        "MASS": "10", 
        "Rotation": [
            [
                "-1.8369701987210297e-016", 
                "1", 
                "-1.8369701987210297e-016"
            ], 
            [
                "1", 
                "1.83697019872103e-016", 
                "1.224646799147353e-016"
            ], 
            [
                "1.2246467991473532e-016", 
                "-1.8369701987210294e-016", 
                "-1"
            ]
        ], 
        "Translation": [
            "-576.9999999999984", 
            "-8502", 
            "-3406.000000000001"
        ]
    }, 
    "bottom_right_hub2": {
        "Name": "bottom_right_hub2", 
        "CG": [
            "99.99999997839512", 
            "0", 
            "0"
        ], 
        "ID": "fa98728d-de76-4dd6-8086-c4d8efb9b634", 
        "MASS": "1.3180359603737082", 
        "Rotation": [
            [
                "1.8369701987210297e-016", 
                "-1", 
                "0"
            ], 
            [
                "1", 
                "1.8369701987210297e-016", 
                "-2.4492935982947064e-016"
            ], 
            [
                "2.4492935982947064e-016", 
                "4.499279347985573e-032", 
                "1"
            ]
        ], 
