{
    "top_left_front1_motor": {
        "Name": "top_left_front1_motor", 
        "CG": [
            "0", 
            "33.69856962624462", 
            "0.011422056595542962"
        ], 
        "ID": "3d91925b-4090-446b-8117-aa385134c915", 
        "MASS": "0.845", 
        "Rotation": [
            [
                "-1.8369701987210297e-016", 
                "-1", 
                "6.123233995736766e-017"
            ], 
            [
                "1", 
                "-1.8369701987210297e-016", 
                "-1.2246467991473532e-016"
            ], 
            [
                "1.2246467991473532e-016", 
                "6.123233995736764e-017", 
                "1"
            ]
        ], 
        "Translation": [
            "-212.99999999999892", 
            "-5772", 
            "-1343.0000000000007"
        ]
    }, 
    "top_left_front5_motor": {
        "Name": "top_left_front5_motor", 
        "CG": [
            "0", 
            "33.69856962624462", 
            "0.011422056595542962"
        ], 
        "ID": "d870f1fb-43ec-47a8-b12a-a8c978433056", 
        "MASS": "0.845", 
        "Rotation": [
            [
                "-1.8369701987210297e-016", 
                "-1", 
                "6.123233995736766e-017"
            ], 
            [
                "1", 
                "-1.8369701987210297e-016", 
                "-1.2246467991473532e-016"
            ], 
            [
                "1.2246467991473532e-016", 
                "6.123233995736764e-017", 
                "1"
            ]
        ], 
        "Translation": [
            "-212.99999999999596", 
            "-21164", 
            "-1343.0000000000025"
        ]
    }, 
    "bottom_left_rear6_prop": {
        "Name": "bottom_left_rear6_prop", 
        "CG": [
            "0", 
            "0", 
            "85.725"
        ], 
        "ID": "adbde455-796a-4bed-a623-c160172f2cc5", 
        "MASS": "6.778", 
        "Rotation": [
            [
                "-6.123233995736765e-017", 
                "6.123233995736767e-017", 
                "1"
            ], 
            [
                "3.673937791810572e-016", 
                "1", 
                "-6.123233995736765e-017"
            ], 
            [
                "-1", 
                "3.673937791810572e-016", 
                "-6.123233995736767e-017"
            ]
        ], 
        "Translation": [
            "-708.4500000000014", 
            "-25012", 
            "1342.999999999994"
        ]
    }, 
    "top_left_rear3_motor": {
        "Name": "top_left_rear3_motor", 
        "CG": [
            "0", 
            "33.69856962624462", 
            "0.011422056595542962"
        ], 
        "ID": "f1466745-6754-4d72-8d5b-43607a79340a", 
        "MASS": "0.845", 
        "Rotation": [
            [
                "-1.8369701987210297e-016", 
                "1", 
                "-1.8369701987210297e-016"
            ], 
            [
                "1", 
                "1.83697019872103e-016", 
                "1.224646799147353e-016"
            ], 
            [
                "1.2246467991473532e-016", 
                "-1.8369701987210294e-016", 
                "-1"
            ]
        ], 
        "Translation": [
            "-536.9999999999975", 
            "-13468", 
            "-1343.0000000000016"
        ]
    }, 
    "top_right_front3_prop": {
        "Name": "top_right_front3_prop", 
        "CG": [
            "0", 
            "0", 
            "85.725"
        ], 
        "ID": "b30ea134-eeb9-4517-957c-4fcc2f1dc7a6", 
        "MASS": "6.778", 
        "Rotation": [
            [
                "1.8369701987210297e-016", 
                "6.123233995736764e-017", 
                "-1"
            ], 
            [
                "2.605631487468091e-022", 
                "-1", 
                "-6.123233995736764e-017"
            ], 
            [
                "-1", 
                "-2.605631487468091e-022", 
                "-1.8369701987210297e-016"
            ]
        ], 
        "Translation": [
            "-41.55000000000075", 
            "13468", 
            "-1342.9999999999984"
        ]
    }, 
    "bottom_right_rear5_prop": {
        "Name": "bottom_right_rear5_prop", 
        "CG": [
            "0", 
            "0", 
            "85.725"
        ], 
        "ID": "35b539a5-fc83-4fd7-a877-a330b6a3c3a7", 
        "MASS": "6.778", 
        "Rotation": [
            [
                "-1.83697019872103e-016", 
                "-1.8369701987210294e-016", 
                "1"
            ], 
            [
                "-3.6739377918105717e-016", 
                "-1", 
                "-1.8369701987210302e-016"
            ], 
            [
                "1", 
                "-3.673937791810572e-016", 
                "1.8369701987210292e-016"
            ]
        ], 
        "Translation": [
            "-708.449999999996", 
            "21164", 
            "1343.000000000005"
        ]
    }, 
    "right_stear_wing": {
        "Name": "right_stear_wing", 
        "CG": [
            "446.5108048426222", 
            "0", 
            "5000.000000000002"
        ], 
        "ID": "fad19202-127f-49d0-b83a-5d5271f20ad4", 
        "MASS": "1712858.2838348306", 
        "Rotation": [
            [
                "-1", 
                "0", 
                "0"
            ], 
            [
                "0", 
                "-1.8369701987210297e-016", 
                "1"
            ], 
            [
                "0", 
                "1", 
                "1.8369701987210297e-016"
            ]
        ], 
        "Translation": [
            "-2322", 
            "1e+002", 
            "1e-020"
        ]
    }, 
    "bottom_right_rear6_motor": {
        "Name": "bottom_right_rear6_motor", 
        "CG": [
            "0", 
            "33.69856962624462", 
            "0.011422056595542962"
        ], 
        "ID": "261d4d3b-ff33-4dff-8565-8c0a84621dc5", 
        "MASS": "0.845", 
        "Rotation": [
            [
                "-1.8369701987210297e-016", 
                "1", 
                "-1.8369701987210297e-016"
            ], 
            [
                "-1", 
                "-1.8369701987210302e-016", 
                "-2.449293598294706e-016"
            ], 
            [
                "-2.4492935982947064e-016", 
                "1.8369701987210292e-016", 
                "1"
            ]
        ], 
        "Translation": [
            "-536.9999999999952", 
            "25012", 
            "1343.000000000006"
        ]
    }, 
    "bottom_left_bar6": {
        "Name": "bottom_left_bar6", 
        "CG": [
            "1823.980955578633", 
            "0", 
            "0"
        ], 
        "ID": "6c35ad5a-d004-4710-892a-a052722c6d7c", 
        "MASS": "21.1380967168153", 
        "Rotation": [
            [
                "-6.123233995736766e-017", 
                "1", 
                "0"
            ], 
            [
                "-1", 
                "-6.123233995736766e-017", 
                "-2.4492935982947064e-016"
            ], 
            [
                "-2.4492935982947064e-016", 
                "-1.4997597826618576e-032", 
                "1"
            ]
        ], 
        "Translation": [
            "-375.0000000000012", 
            "-21264", 
            "1342.999999999995"
        ]
    }, 
    "bottom_left_bar5": {
        "Name": "bottom_left_bar5", 
        "CG": [
            "1823.980955578633", 
            "0", 
            "0"
        ], 
        "ID": "f3c457a1-9256-4a19-b784-12cbb819e7fc", 
        "MASS": "21.1380967168153", 
        "Rotation": [
            [
                "-6.123233995736766e-017", 
                "1", 
                "0"
            ], 
            [
                "-1", 
                "-6.123233995736766e-017", 
                "-2.4492935982947064e-016"
            ], 
            [
                "-2.4492935982947064e-016", 
                "-1.4997597826618576e-032", 
                "1"
            ]
        ], 
        "Translation": [
            "-375.00000000000097", 
            "-17416", 
            "1342.999999999996"
        ]
    }, 
    "bottom_left_bar4": {
        "Name": "bottom_left_bar4", 
        "CG": [
            "1823.980955578633", 
            "0", 
            "0"
        ], 
        "ID": "602d1220-0b59-40ad-bfe5-9fa27bc41e36", 
        "MASS": "21.1380967168153", 
        "Rotation": [
            [
                "-6.123233995736766e-017", 
                "1", 
                "0"
            ], 
            [
                "-1", 
                "-6.123233995736766e-017", 
                "-2.4492935982947064e-016"
            ], 
            [
                "-2.4492935982947064e-016", 
                "-1.4997597826618576e-032", 
                "1"
            ]
        ], 
        "Translation": [
            "-375.00000000000074", 
            "-13568", 
            "1342.9999999999968"
        ]
    }, 
    "bottom_left_bar3": {
        "Name": "bottom_left_bar3", 
        "CG": [
            "1823.980955578633", 
            "0", 
            "0"
        ], 
        "ID": "a62037d9-8d81-42cf-bb64-c42b3a816b26", 
        "MASS": "21.1380967168153", 
        "Rotation": [
            [
                "-6.123233995736766e-017", 
                "1", 
                "0"
            ], 
            [
                "-1", 
                "-6.123233995736766e-017", 
                "-2.4492935982947064e-016"
            ], 
            [
                "-2.4492935982947064e-016", 
                "-1.4997597826618576e-032", 
                "1"
            ]
        ], 
        "Translation": [
            "-375.0000000000005", 
            "-9.72e+003", 
            "1342.9999999999977"
        ]
    }, 
    "bottom_left_bar2": {
        "Name": "bottom_left_bar2", 
        "CG": [
            "1823.980955578633", 
            "0", 
            "0"
        ], 
        "ID": "6124d248-a27d-436a-9dee-d72143f484f7", 
        "MASS": "21.1380967168153", 
        "Rotation": [
            [
                "-6.123233995736766e-017", 
                "1", 
                "0"
            ], 
            [
                "-1", 
                "-6.123233995736766e-017", 
                "-2.4492935982947064e-016"
            ], 
            [
                "-2.4492935982947064e-016", 
                "-1.4997597826618576e-032", 
                "1"
            ]
        ], 
        "Translation": [
            "-375.0000000000003", 
            "-5872", 
            "1342.9999999999986"
        ]
    }, 
    "bottom_left_bar1": {
        "Name": "bottom_left_bar1", 
        "CG": [
            "1823.980955578633", 
            "0", 
            "0"
        ], 
        "ID": "67e9731c-bae5-4fd2-b0d2-2c50a6fa43e9", 
        "MASS": "21.1380967168153", 
        "Rotation": [
            [
                "-6.123233995736766e-017", 
                "1", 
                "0"
            ], 
            [
                "-1", 
                "-6.123233995736766e-017", 
                "-2.4492935982947064e-016"
            ], 
            [
                "-2.4492935982947064e-016", 
                "-1.4997597826618576e-032", 
                "1"
            ]
        ], 
        "Translation": [
            "-375.00000000000006", 
            "-2024.0000000000002", 
            "1342.9999999999995"
        ]
    }, 
    "bottom_left_bar0": {
        "Name": "bottom_left_bar0", 
        "CG": [
            "862.000103473046", 
            "0", 
            "0"
        ], 
        "ID": "8915b8b5-2868-4d44-a953-c3f728760747", 
        "MASS": "10.077500986150493", 
        "Rotation": [
            [
                "-6.123233995736766e-017", 
                "1", 
                "0"
            ], 
            [
                "-1", 
                "-6.123233995736766e-017", 
                "-2.4492935982947064e-016"
            ], 
            [
                "-2.4492935982947064e-016", 
                "-1.4997597826618576e-032", 
                "1"
            ]
        ], 
        "Translation": [
            "-374.99999999999994", 
            "-100.00000000000031", 
            "1343"
        ]
    }, 
    "bottom_left_front1_motor": {
        "Name": "bottom_left_front1_motor", 
        "CG": [
            "0", 
            "33.69856962624462", 
            "0.011422056595542962"
        ], 
        "ID": "f36965b6-e8c2-4fb3-ae4b-0eeec6bc973a", 
        "MASS": "0.845", 
        "Rotation": [
            [
                "6.123233995736766e-017", 
                "-1", 
                "1.8369701987210297e-016"
            ], 
            [
                "1", 
                "6.123233995736761e-017", 
                "-2.4492935982947064e-016"
            ], 
            [
                "2.4492935982947064e-016", 
                "1.83697019872103e-016", 
                "1"
            ]
        ], 
        "Translation": [
            "-213.00000000000028", 
            "-5772", 
            "1342.9999999999986"
        ]
    }, 
    "bottom_left_front0_prop": {
        "Name": "bottom_left_front0_prop", 
        "CG": [
            "0", 
            "0", 
            "85.725"
        ], 
        "ID": "d9e5ce00-3d32-450c-a509-3c9bb51ef495", 
        "MASS": "6.778", 
        "Rotation": [
            [
                "1.8369701987210297e-016", 
                "6.123233995736764e-017", 
                "-1"
            ], 
            [
                "-1.2246494047788407e-016", 
                "1", 
                "6.123233995736761e-017"
            ], 
            [
                "1", 
                "1.2246494047788407e-016", 
                "1.83697019872103e-016"
            ]
        ], 
        "Translation": [
            "-41.55000000000007", 
            "-1924.0000000000002", 
            "1342.9999999999995"
        ]
    }, 
    "bottom_left_front5_prop": {
        "Name": "bottom_left_front5_prop", 
        "CG": [
            "0", 
            "0", 
            "85.725"
        ], 
        "ID": "eb84dc51-84da-4f3d-871e-aed4ee74130a", 
        "MASS": "6.778", 
        "Rotation": [
            [
                "1.8369701987210297e-016", 
                "6.123233995736764e-017", 
                "-1"
            ], 
            [
                "-1.2246494047788407e-016", 
                "1", 
                "6.123233995736761e-017"
            ], 
            [
                "1", 
                "1.2246494047788407e-016", 
                "1.83697019872103e-016"
            ]
        ], 
        "Translation": [
            "-41.550000000001205", 
            "-21164", 
            "1342.999999999995"
        ]
    }, 
    "top_right_front3_motor": {
        "Name": "top_right_front3_motor", 
        "CG": [
            "0", 
            "33.69856962624462", 
            "0.011422056595542962"
        ], 
        "ID": "ab4f7062-ba69-4b01-b738-3abea4f86a79", 
        "MASS": "0.845", 
        "Rotation": [
            [
                "6.123233995736766e-017", 
                "-1", 
                "1.8369701987210297e-016"
            ], 
            [
                "-1", 
                "-6.123233995736764e-017", 
                "1.2246467991473532e-016"
            ], 
            [
                "-1.2246467991473532e-016", 
                "-1.8369701987210297e-016", 
                "-1"
            ]
        ], 
        "Translation": [
            "-213.00000000000074", 
            "13468", 
            "-1342.9999999999984"
        ]
    }, 
    "top_left_rear5_prop": {
        "Name": "top_left_rear5_prop", 
        "CG": [
            "0", 
            "0", 
            "85.725"
        ], 
        "ID": "965a4dc0-f35a-44f5-8b1c-01015cdb8d89", 
        "MASS": "6.778", 
        "Rotation": [
            [
                "-1.83697019872103e-016", 
                "-1.8369701987210294e-016", 
                "1"
            ], 
            [
                "2.4492909926632187e-016", 
                "1", 
                "1.83697019872103e-016"
            ], 
            [
                "-1", 
                "2.4492909926632187e-016", 
                "-1.8369701987210294e-016"
            ]
        ], 
        "Translation": [
            "-708.449999999996", 
            "-21164", 
            "-1343.0000000000025"
        ]
    }, 
    "bottom_right_bar5": {
        "Name": "bottom_right_bar5", 
        "CG": [
            "1823.980955578633", 
            "0", 
            "0"
        ], 
        "ID": "47080ddb-aaae-46d9-b707-e94ead3f6993", 
        "MASS": "21.1380967168153", 
        "Rotation": [
            [
                "1.8369701987210297e-016", 
                "-1", 
                "0"
            ], 
            [
                "1", 
                "1.8369701987210297e-016", 
                "-2.4492935982947064e-016"
            ], 
            [
                "2.4492935982947064e-016", 
                "4.499279347985573e-032", 
                "1"
            ]
        ], 
        "Translation": [
            "-374.99999999999665", 
            "17416", 
            "1343.000000000004"
        ]
    }, 
    "bottom_right_rear4_motor": {
        "Name": "bottom_right_rear4_motor", 
        "CG": [
            "0", 
            "33.69856962624462", 
            "0.011422056595542962"
        ], 
        "ID": "90d979b2-585f-4359-aebc-1d5e076c9884", 
        "MASS": "0.845", 
        "Rotation": [
            [
                "-1.8369701987210297e-016", 
                "1", 
                "-1.8369701987210297e-016"
            ], 
            [
                "-1", 
                "-1.8369701987210302e-016", 
                "-2.449293598294706e-016"
            ], 
            [
                "-2.4492935982947064e-016", 
                "1.8369701987210292e-016", 
                "1"
            ]
        ], 
        "Translation": [
            "-536.9999999999967", 
            "17316", 
            "1343.000000000004"
        ]
    }, 
    "bottom_right_front1_motor": {
        "Name": "bottom_right_front1_motor", 
        "CG": [
            "0", 
            "33.69856962624462", 
            "0.011422056595542962"
        ], 
        "ID": "d0dfc5ec-0953-486b-8b26-fe8e79eb26f6", 
        "MASS": "0.845", 
        "Rotation": [
            [
                "-1.8369701987210297e-016", 
                "-1", 
                "6.123233995736766e-017"
            ], 
            [
                "-1", 
                "1.83697019872103e-016", 
                "2.4492935982947064e-016"
            ], 
            [
                "-2.4492935982947064e-016", 
                "-6.123233995736761e-017", 
                "-1"
            ]
        ], 
        "Translation": [
            "-212.99999999999892", 
            "5772", 
            "1343.0000000000014"
        ]
    }, 
    "top_left_rear6_prop": {
        "Name": "top_left_rear6_prop", 
        "CG": [
            "0", 
            "0", 
            "85.725"
        ], 
        "ID": "3d3064c3-0fd4-44b3-b590-4b61a795bfdc", 
        "MASS": "6.778", 
        "Rotation": [
            [
                "-1.83697019872103e-016", 
                "-1.8369701987210294e-016", 
                "1"
            ], 
            [
                "2.4492909926632187e-016", 
                "1", 
                "1.83697019872103e-016"
            ], 
            [
                "-1", 
                "2.4492909926632187e-016", 
                "-1.8369701987210294e-016"
            ]
        ], 
        "Translation": [
            "-708.4499999999953", 
            "-25012", 
            "-1343.000000000003"
        ]
    }, 
    "right_battery": {
        "Name": "right_battery", 
        "CG": [
            "375", 
            "0", 
            "4793.443200000001"
        ], 
        "ID": "d450f42f-85d1-4f00-9265-257cdec47ee8", 
        "MASS": "457.92", 
        "Rotation": [
            [
                "-1", 
                "-8.035122827338563e-081", 
                "0"
            ], 
            [
                "4.920093725628002e-097", 
                "-6.123233995736767e-017", 
                "1"
            ], 
            [
                "-8.035122827338563e-081", 
                "1", 
                "6.123233995736767e-017"
            ]
        ], 
        "Translation": [
            "125", 
            "7.6e+002", 
            "-7.999999999999936"
        ]
    }, 
    "left_battery": {
        "Name": "left_battery", 
        "CG": [
            "375", 
            "0", 
            "4793.443200000001"
        ], 
        "ID": "753e60eb-4830-46a2-8c6c-3e4691d366d3", 
        "MASS": "457.92", 
        "Rotation": [
            [
                "-1", 
                "1.1611975679724143e-032", 
                "0"
            ], 
            [
                "0", 
                "-1.8369701987210297e-016", 
                "1"
            ], 
            [
                "1.1611975679724143e-032", 
                "1", 
                "1.8369701987210297e-016"
            ]
        ], 
        "Translation": [
            "125.00000000000001", 
            "-10346.886400000001", 
            "-1.907807245515869e-012"
        ]
    }, 
    "top_left_hub0": {
        "Name": "top_left_hub0", 
        "CG": [
            "99.99999997839512", 
            "0", 
            "0"
        ], 
        "ID": "34a55a8a-5ef8-43f5-a94d-b815946cd8f5", 
        "MASS": "1.3180359603737082", 
        "Rotation": [
            [
                "1.8369701987210297e-016", 
                "-1", 
                "0"
            ], 
            [
                "-1", 
                "-1.8369701987210297e-016", 
                "1.2246467991473532e-016"
            ], 
            [
                "-1.2246467991473532e-016", 
                "-2.2496396739927864e-032", 
                "-1"
            ]
        ], 
        "Translation": [
            "-374.99999999999966", 
            "-1823.9999999999998", 
            "-1343.0000000000002"
        ]
    }, 
    "top_left_hub1": {
        "Name": "top_left_hub1", 
        "CG": [
            "99.99999997839512", 
            "0", 
            "0"
        ], 
        "ID": "b53ee946-51fe-4799-b977-bd90bc557ca9", 
        "MASS": "1.3180359603737082", 
        "Rotation": [
            [
                "1.8369701987210297e-016", 
                "-1", 
                "0"
            ], 
            [
                "-1", 
                "-1.8369701987210297e-016", 
                "1.2246467991473532e-016"
            ], 
            [
                "-1.2246467991473532e-016", 
                "-2.2496396739927864e-032", 
                "-1"
            ]
        ], 
        "Translation": [
            "-374.9999999999989", 
            "-5672", 
            "-1343.0000000000007"
        ]
    }, 
    "top_left_hub2": {
        "Name": "top_left_hub2", 
        "CG": [
            "99.99999997839512", 
            "0", 
            "0"
        ], 
        "ID": "f310fca4-a425-4d68-ba44-d4f884b27eb0", 
        "MASS": "1.3180359603737082", 
        "Rotation": [
            [
                "1.8369701987210297e-016", 
                "-1", 
                "0"
            ], 
            [
                "-1", 
                "-1.8369701987210297e-016", 
                "1.2246467991473532e-016"
            ], 
            [
                "-1.2246467991473532e-016", 
                "-2.2496396739927864e-032", 
                "-1"
            ]
        ], 
        "Translation": [
            "-374.9999999999982", 
            "-9.52e+003", 
            "-1343.0000000000011"
        ]
    }, 
    "top_left_hub3": {
        "Name": "top_left_hub3", 
        "CG": [
            "99.99999997839512", 
            "0", 
            "0"
        ], 
        "ID": "7cc10ed8-1cc1-49c4-91e8-2dd6c22919f8", 
        "MASS": "1.3180359603737082", 
        "Rotation": [
            [
                "1.8369701987210297e-016", 
                "-1", 
                "0"
            ], 
            [
                "-1", 
                "-1.8369701987210297e-016", 
                "1.2246467991473532e-016"
            ], 
            [
                "-1.2246467991473532e-016", 
                "-2.2496396739927864e-032", 
                "-1"
            ]
        ], 
        "Translation": [
            "-374.99999999999744", 
            "-13368", 
            "-1343.0000000000016"
        ]
    }, 
    "top_left_hub4": {
        "Name": "top_left_hub4", 
        "CG": [
            "99.99999997839512", 
            "0", 
            "0"
        ], 
        "ID": "35d0a583-2e45-431d-813f-7eec0de2a502", 
        "MASS": "1.3180359603737082", 
        "Rotation": [
            [
                "1.8369701987210297e-016", 
                "-1", 
                "0"
            ], 
            [
                "-1", 
                "-1.8369701987210297e-016", 
                "1.2246467991473532e-016"
            ], 
            [
                "-1.2246467991473532e-016", 
                "-2.2496396739927864e-032", 
                "-1"
            ]
        ], 
        "Translation": [
            "-374.9999999999967", 
            "-17216", 
            "-1343.000000000002"
        ]
    }, 
    "top_left_hub5": {
        "Name": "top_left_hub5", 
        "CG": [
            "99.99999997839512", 
            "0", 
            "0"
        ], 
        "ID": "9fd29eea-d807-4f71-a591-698e0edfff1c", 
        "MASS": "1.3180359603737082", 
        "Rotation": [
            [
                "1.8369701987210297e-016", 
                "-1", 
                "0"
            ], 
            [
                "-1", 
                "-1.8369701987210297e-016", 
                "1.2246467991473532e-016"
            ], 
            [
                "-1.2246467991473532e-016", 
                "-2.2496396739927864e-032", 
                "-1"
            ]
        ], 
        "Translation": [
            "-374.99999999999596", 
            "-21064", 
            "-1343.0000000000025"
        ]
    }, 
    "top_left_hub6": {
        "Name": "top_left_hub6", 
        "CG": [
            "99.99999997839512", 
            "0", 
            "0"
        ], 
        "ID": "ee52aa8a-9fe8-4998-bc81-a0ef7e752025", 
        "MASS": "1.3180359603737082", 
        "Rotation": [
            [
                "1.8369701987210297e-016", 
                "-1", 
                "0"
            ], 
            [
                "-1", 
                "-1.8369701987210297e-016", 
                "1.2246467991473532e-016"
            ], 
            [
                "-1.2246467991473532e-016", 
                "-2.2496396739927864e-032", 
                "-1"
            ]
        ], 
        "Translation": [
            "-374.9999999999952", 
            "-24912", 
            "-1343.000000000003"
        ]
    }, 
    "bottom_right_front3_prop": {
        "Name": "bottom_right_front3_prop", 
        "CG": [
            "0", 
            "0", 
            "85.725"
        ], 
        "ID": "01513b5a-bd98-4b45-ba82-5b8d4550b249", 
        "MASS": "6.778", 
        "Rotation": [
            [
                "6.123233995736764e-017", 
                "-1.8369701987210297e-016", 
                "-1"
            ], 
            [
                "1.2246494047788407e-016", 
                "-1", 
                "1.83697019872103e-016"
            ], 
            [
                "-1", 
                "-1.2246494047788407e-016", 
                "-6.123233995736761e-017"
            ]
        ], 
        "Translation": [
            "-41.54999999999745", 
            "13468", 
            "1343.0000000000032"
        ]
    }, 
    "top_left_bar6": {
        "Name": "top_left_bar6", 
        "CG": [
            "1823.980955578633", 
            "0", 
            "0"
        ], 
        "ID": "943d8b6b-626f-4ad3-a272-03480615803f", 
        "MASS": "21.1380967168153", 
        "Rotation": [
            [
                "1.8369701987210297e-016", 
                "-1", 
                "0"
            ], 
            [
                "-1", 
                "-1.8369701987210297e-016", 
                "1.2246467991473532e-016"
            ], 
            [
                "-1.2246467991473532e-016", 
                "-2.2496396739927864e-032", 
                "-1"
            ]
        ], 
        "Translation": [
            "-374.9999999999959", 
            "-21264", 
            "-1343.0000000000025"
        ]
    }, 
    "bottom_left_rear3_motor": {
        "Name": "bottom_left_rear3_motor", 
        "CG": [
            "0", 
            "33.69856962624462", 
            "0.011422056595542962"
        ], 
        "ID": "8b11b058-2f7c-4029-bbe8-b6b87a13a444", 
        "MASS": "0.845", 
        "Rotation": [
            [
                "6.123233995736766e-017", 
                "1", 
                "-6.123233995736766e-017"
            ], 
            [
                "1", 
                "-6.123233995736765e-017", 
                "2.4492935982947064e-016"
            ], 
            [
                "2.4492935982947064e-016", 
                "-6.123233995736767e-017", 
                "-1"
            ]
        ], 
        "Translation": [
            "-537.0000000000007", 
            "-13468", 
            "1342.9999999999968"
        ]
    }, 
    "bottom_right_front3_motor": {
        "Name": "bottom_right_front3_motor", 
        "CG": [
            "0", 
            "33.69856962624462", 
            "0.011422056595542962"
        ], 
        "ID": "4a46595d-a36d-4198-9fac-3c85eaf3c15a", 
        "MASS": "0.845", 
        "Rotation": [
            [
                "-1.8369701987210297e-016", 
                "-1", 
                "6.123233995736766e-017"
            ], 
            [
                "-1", 
                "1.83697019872103e-016", 
                "2.4492935982947064e-016"
            ], 
            [
                "-2.4492935982947064e-016", 
                "-6.123233995736761e-017", 
                "-1"
            ]
        ], 
        "Translation": [
            "-212.99999999999744", 
            "13468", 
            "1343.0000000000032"
        ]
    }, 
    "top_left_front0_motor": {
        "Name": "top_left_front0_motor", 
        "CG": [
            "0", 
            "33.69856962624462", 
            "0.011422056595542962"
        ], 
        "ID": "e26f93cd-10e3-45fb-855d-67e51bf89aed", 
        "MASS": "0.845", 
        "Rotation": [
            [
                "-1.8369701987210297e-016", 
                "-1", 
                "6.123233995736766e-017"
            ], 
            [
                "1", 
                "-1.8369701987210297e-016", 
                "-1.2246467991473532e-016"
            ], 
            [
                "1.2246467991473532e-016", 
                "6.123233995736764e-017", 
                "1"
            ]
        ], 
        "Translation": [
            "-212.99999999999966", 
            "-1923.9999999999998", 
            "-1343.0000000000002"
        ]
    }, 
    "top_left_bar4": {
        "Name": "top_left_bar4", 
        "CG": [
            "1823.980955578633", 
            "0", 
            "0"
        ], 
        "ID": "2f2f79c3-9835-4517-8547-aed3cd87ac92", 
        "MASS": "21.1380967168153", 
        "Rotation": [
            [
                "1.8369701987210297e-016", 
                "-1", 
                "0"
            ], 
            [
                "-1", 
                "-1.8369701987210297e-016", 
                "1.2246467991473532e-016"
            ], 
            [
                "-1.2246467991473532e-016", 
                "-2.2496396739927864e-032", 
                "-1"
            ]
        ], 
        "Translation": [
            "-374.9999999999974", 
            "-13568", 
            "-1343.0000000000016"
        ]
    }, 
    "top_right_rear5_motor": {
        "Name": "top_right_rear5_motor", 
        "CG": [
            "0", 
            "33.69856962624462", 
            "0.011422056595542962"
        ], 
        "ID": "4d3b911d-4451-4c80-958c-694003fcb298", 
        "MASS": "0.845", 
        "Rotation": [
            [
                "6.123233995736766e-017", 
                "1", 
                "-6.123233995736766e-017"
            ], 
            [
                "-1", 
                "6.123233995736765e-017", 
                "-1.2246467991473532e-016"
            ], 
            [
                "-1.2246467991473532e-016", 
                "6.123233995736767e-017", 
                "1"
            ]
        ], 
        "Translation": [
            "-537.0000000000011", 
            "21164", 
            "-1342.9999999999975"
        ]
    }, 
    "top_right_bar2": {
        "Name": "top_right_bar2", 
        "CG": [
            "1823.980955578633", 
            "0", 
            "0"
        ], 
        "ID": "f8ecdd03-7536-4d17-a1f0-aca1f3731034", 
        "MASS": "21.1380967168153", 
        "Rotation": [
            [
                "-6.123233995736766e-017", 
                "1", 
                "0"
            ], 
            [
                "1", 
                "6.123233995736766e-017", 
                "1.2246467991473532e-016"
            ], 
            [
                "1.2246467991473532e-016", 
                "7.498798913309288e-033", 
                "-1"
            ]
        ], 
        "Translation": [
            "-375.0000000000003", 
            "5872", 
            "-1342.9999999999993"
        ]
    }, 
    "top_right_bar3": {
        "Name": "top_right_bar3", 
        "CG": [
            "1823.980955578633", 
            "0", 
            "0"
        ], 
        "ID": "89e6c2e9-3e7e-4072-9223-cebda4bde1a1", 
        "MASS": "21.1380967168153", 
        "Rotation": [
            [
                "-6.123233995736766e-017", 
                "1", 
                "0"
            ], 
            [
                "1", 
                "6.123233995736766e-017", 
                "1.2246467991473532e-016"
            ], 
            [
                "1.2246467991473532e-016", 
                "7.498798913309288e-033", 
                "-1"
            ]
        ], 
        "Translation": [
            "-375.0000000000005", 
            "9.72e+003", 
            "-1342.9999999999989"
        ]
    }, 
    "top_right_bar0": {
        "Name": "top_right_bar0", 
        "CG": [
            "862.000103473046", 
            "0", 
            "0"
        ], 
        "ID": "c43c6c49-c3ca-4864-b66f-799bc293a711", 
        "MASS": "10.077500986150493", 
        "Rotation": [
            [
                "-6.123233995736766e-017", 
                "1", 
                "0"
            ], 
            [
                "1", 
                "6.123233995736766e-017", 
                "1.2246467991473532e-016"
            ], 
            [
                "1.2246467991473532e-016", 
                "7.498798913309288e-033", 
                "-1"
            ]
        ], 
        "Translation": [
            "-374.99999999999994", 
            "100.00000000000014", 
            "-1343"
        ]
    }, 
    "top_right_bar1": {
        "Name": "top_right_bar1", 
        "CG": [
            "1823.980955578633", 
            "0", 
            "0"
        ], 
        "ID": "15d2f42c-12a6-4b5b-8d20-213a204268a2", 
        "MASS": "21.1380967168153", 
        "Rotation": [
            [
                "-6.123233995736766e-017", 
                "1", 
                "0"
            ], 
            [
                "1", 
                "6.123233995736766e-017", 
                "1.2246467991473532e-016"
            ], 
            [
                "1.2246467991473532e-016", 
                "7.498798913309288e-033", 
                "-1"
            ]
        ], 
        "Translation": [
            "-375.00000000000006", 
            "2024.0000000000002", 
            "-1342.9999999999998"
        ]
    }, 
    "top_right_bar6": {
        "Name": "top_right_bar6", 
        "CG": [
            "1823.980955578633", 
            "0", 
            "0"
        ], 
        "ID": "4064788d-0203-4883-bcce-239703208e7d", 
        "MASS": "21.1380967168153", 
        "Rotation": [
            [
                "-6.123233995736766e-017", 
                "1", 
                "0"
            ], 
            [
                "1", 
                "6.123233995736766e-017", 
                "1.2246467991473532e-016"
            ], 
            [
                "1.2246467991473532e-016", 
                "7.498798913309288e-033", 
                "-1"
            ]
        ], 
        "Translation": [
            "-375.0000000000012", 
            "21264", 
            "-1342.9999999999975"
        ]
    }, 
    "top_right_bar4": {
        "Name": "top_right_bar4", 
        "CG": [
            "1823.980955578633", 
            "0", 
            "0"
        ], 
        "ID": "c9d47ef5-6043-43a1-bb55-7cbd763a3fde", 
        "MASS": "21.1380967168153", 
        "Rotation": [
            [
                "-6.123233995736766e-017", 
                "1", 
                "0"
            ], 
            [
                "1", 
                "6.123233995736766e-017", 
                "1.2246467991473532e-016"
            ], 
            [
                "1.2246467991473532e-016", 
                "7.498798913309288e-033", 
                "-1"
            ]
        ], 
        "Translation": [
            "-375.00000000000074", 
            "13568", 
            "-1342.9999999999984"
        ]
    }, 
    "top_right_bar5": {
        "Name": "top_right_bar5", 
        "CG": [
            "1823.980955578633", 
            "0", 
            "0"
        ], 
        "ID": "715169ca-b39a-4368-86b8-5673080c53ba", 
        "MASS": "21.1380967168153", 
        "Rotation": [
            [
                "-6.123233995736766e-017", 
                "1", 
                "0"
            ], 
            [
                "1", 
                "6.123233995736766e-017", 
                "1.2246467991473532e-016"
            ], 
            [
                "1.2246467991473532e-016", 
                "7.498798913309288e-033", 
                "-1"
            ]
        ], 
        "Translation": [
            "-375.00000000000097", 
            "17416", 
            "-1342.999999999998"
        ]
    }, 
    "top_right_rear3_motor": {
        "Name": "top_right_rear3_motor", 
        "CG": [
            "0", 
            "33.69856962624462", 
            "0.011422056595542962"
        ], 
        "ID": "9a40f7f1-7a88-4092-a136-876a430d1f51", 
        "MASS": "0.845", 
        "Rotation": [
            [
                "6.123233995736766e-017", 
                "1", 
                "-6.123233995736766e-017"
            ], 
            [
                "-1", 
                "6.123233995736765e-017", 
                "-1.2246467991473532e-016"
            ], 
            [
                "-1.2246467991473532e-016", 
                "6.123233995736767e-017", 
                "1"
            ]
        ], 
        "Translation": [
            "-537.0000000000007", 
            "13468", 
            "-1342.9999999999984"
        ]
    }, 
    "passenger2": {
        "Name": "passenger2", 
        "CG": [
            "-84.7353088765274", 
            "0", 
            "-541.7015266436733"
        ], 
        "ID": "847ac478-d538-4391-b224-ebed536aa56d", 
        "MASS": "90", 
        "Rotation": [
            [
                "0.8660254037844387", 
                "2.0543219653946353e-018", 
                "0.49999999999999994"
            ], 
            [
                "-2.3721266794455074e-018", 
                "1", 
