{
    "bottom_right_hub1": {
        "Name": "bottom_right_hub1", 
        "CG": [
            "99.99999997839512", 
            "0", 
            "0"
        ], 
        "ID": "44615001-5762-4c23-821d-b6cfb3a06fb5", 
        "MASS": "1.3180359603737082", 
        "Rotation": [
            [
                "1.8369701987210297e-016", 
                "-1", 
                "0"
            ], 
            [
                "1", 
                "1.8369701987210297e-016", 
                "-2.4492935982947064e-016"
            ], 
            [
                "2.4492935982947064e-016", 
                "4.499279347985573e-032", 
                "1"
            ]
        ], 
        "Translation": [
            "-374.9999999999986", 
            "7.58e+003", 
            "1852.0000000000018"
        ]
    }, 
    "bottom_left_front3_motor": {
        "Name": "bottom_left_front3_motor", 
        "CG": [
            "0", 
            "11.902042739384683", 
            "0.03745247843485355"
        ], 
        "ID": "e2eb20da-893e-4c37-9dca-4c2856b61fc3", 
        "MASS": "0.188", 
        "Rotation": [
            [
                "6.123233995736766e-017", 
                "-1", 
                "1.8369701987210297e-016"
            ], 
            [
                "1", 
                "6.123233995736761e-017", 
                "-2.4492935982947064e-016"
            ], 
            [
                "2.4492935982947064e-016", 
                "1.83697019872103e-016", 
                "1"
            ]
        ], 
        "Translation": [
            "-253.20000000000067", 
            "-1.28e+004", 
            "1851.999999999997"
        ]
    }, 
    "right_wing": {
        "Name": "right_wing", 
        "CG": [
            "446.5108048426222", 
            "0", 
            "5000.000000000002"
        ], 
        "ID": "06d1c8b4-095b-4afb-a432-b8b4c3c47b07", 
        "MASS": "1712858.2838348306", 
        "Rotation": [
            [
                "-1", 
                "-8.035122827338563e-081", 
                "0"
            ], 
            [
                "4.920093725628002e-097", 
                "-6.123233995736767e-017", 
                "1"
            ], 
            [
                "-8.035122827338563e-081", 
                "1", 
                "6.123233995736767e-017"
            ]
        ], 
        "Translation": [
            "125", 
            "7.6e+002", 
            "-7.999999999999972"
        ]
    }, 
    "top_right_bar3": {
        "Name": "top_right_bar3", 
        "CG": [
            "2459.999904069561", 
            "0", 
            "0"
        ], 
        "ID": "4b569f7d-5b11-4320-b386-0a1a422b4291", 
        "MASS": "28.45335103765509", 
        "Rotation": [
            [
                "-6.123233995736766e-017", 
                "1", 
                "0"
            ], 
            [
                "1", 
                "6.123233995736766e-017", 
                "1.2246467991473532e-016"
            ], 
            [
                "1.2246467991473532e-016", 
                "7.498798913309288e-033", 
                "-1"
            ]
        ], 
        "Translation": [
            "-375.0000000000004", 
            "7.78e+003", 
            "-1851.999999999999"
        ]
    }, 
    "top_right_bar0": {
        "Name": "top_right_bar0", 
        "CG": [
            "1180.000002084138", 
            "0", 
            "0"
        ], 
        "ID": "0e25883c-6a66-4a27-90bb-59a479831d46", 
        "MASS": "13.733437923548182", 
        "Rotation": [
            [
                "-6.123233995736766e-017", 
                "1", 
                "0"
            ], 
            [
                "1", 
                "6.123233995736766e-017", 
                "1.2246467991473532e-016"
            ], 
            [
                "1.2246467991473532e-016", 
                "7.498798913309288e-033", 
                "-1"
            ]
        ], 
        "Translation": [
            "-374.99999999999994", 
            "100.00000000000021", 
            "-1852"
        ]
    }, 
    "top_left_front0_prop": {
        "Name": "top_left_front0_prop", 
        "CG": [
            "0", 
            "0", 
            "72.39"
        ], 
        "ID": "27cf2be4-76f9-4dd5-9cc4-12d0958a930f", 
        "MASS": "1.507", 
        "Rotation": [
            [
                "6.123233995736764e-017", 
                "-1.8369701987210297e-016", 
                "-1"
            ], 
            [
                "-2.60563148771461e-022", 
                "1", 
                "-1.8369701987210297e-016"
            ], 
            [
                "1", 
                "2.60563148771461e-022", 
                "6.123233995736764e-017"
            ]
        ], 
        "Translation": [
            "-108.41999999999953", 
            "-2.56e+003", 
            "-1852.0000000000002"
        ]
    }, 
    "top_left_front0_motor": {
        "Name": "top_left_front0_motor", 
        "CG": [
            "0", 
            "11.902042739384683", 
            "0.03745247843485355"
        ], 
        "ID": "2bb1e56d-c0d9-467e-a90f-f9feb6cfc351", 
        "MASS": "0.188", 
        "Rotation": [
            [
                "-1.8369701987210297e-016", 
                "-1", 
                "6.123233995736766e-017"
            ], 
            [
                "1", 
                "-1.8369701987210297e-016", 
                "-1.2246467991473532e-016"
            ], 
            [
                "1.2246467991473532e-016", 
                "6.123233995736764e-017", 
                "1"
            ]
        ], 
        "Translation": [
            "-253.19999999999953", 
            "-2.56e+003", 
            "-1852.0000000000002"
        ]
    }, 
    "top_hub": {
        "Name": "top_hub", 
        "CG": [
            "99.99999997839512", 
            "0", 
            "0"
        ], 
        "ID": "bfa24db8-d060-4fab-affc-40679241f282", 
        "MASS": "1.3180359603737082", 
        "Rotation": [
            [
                "0", 
                "4.017561413669283e-081", 
                "-1"
            ], 
            [
                "1.2246467991473532e-016", 
                "-1", 
                "-4.017561413669283e-081"
            ], 
            [
                "-1", 
                "-1.2246467991473532e-016", 
                "-4.920093725628002e-097"
            ]
        ], 
        "Translation": [
            "-375", 
            "1.9253924605142747e-013", 
            "-1752"
        ]
    }, 
    "top_left_bar3": {
        "Name": "top_left_bar3", 
        "CG": [
            "2459.999904069561", 
            "0", 
            "0"
        ], 
        "ID": "ee94be34-91f4-4169-88e6-5bd5c8a2ba5b", 
        "MASS": "28.45335103765509", 
        "Rotation": [
            [
                "1.8369701987210297e-016", 
                "-1", 
                "0"
            ], 
            [
                "-1", 
                "-1.8369701987210297e-016", 
                "1.2246467991473532e-016"
            ], 
            [
                "-1.2246467991473532e-016", 
                "-2.2496396739927864e-032", 
                "-1"
            ]
        ], 
        "Translation": [
            "-374.9999999999985", 
            "-7.78e+003", 
            "-1852.000000000001"
        ]
    }, 
    "top_left_bar0": {
        "Name": "top_left_bar0", 
        "CG": [
            "1180.000002084138", 
            "0", 
            "0"
        ], 
        "ID": "26d29066-0f18-4df4-8bf3-58ab735b2f23", 
        "MASS": "13.733437923548182", 
        "Rotation": [
            [
                "1.8369701987210297e-016", 
                "-1", 
                "0"
            ], 
            [
                "-1", 
                "-1.8369701987210297e-016", 
                "1.2246467991473532e-016"
            ], 
            [
                "-1.2246467991473532e-016", 
                "-2.2496396739927864e-032", 
                "-1"
            ]
        ], 
        "Translation": [
            "-375", 
            "-99.99999999999979", 
            "-1852"
        ]
    }, 
    "top_left_bar1": {
        "Name": "top_left_bar1", 
        "CG": [
            "2459.999904069561", 
            "0", 
            "0"
        ], 
        "ID": "9bd4246b-e92c-4679-a618-0b638a51006e", 
        "MASS": "28.45335103765509", 
        "Rotation": [
            [
                "1.8369701987210297e-016", 
                "-1", 
                "0"
            ], 
            [
                "-1", 
                "-1.8369701987210297e-016", 
                "1.2246467991473532e-016"
            ], 
            [
                "-1.2246467991473532e-016", 
                "-2.2496396739927864e-032", 
                "-1"
            ]
        ], 
        "Translation": [
            "-374.9999999999995", 
            "-2.66e+003", 
            "-1852.0000000000002"
        ]
    }, 
    "top_bar": {
        "Name": "top_bar", 
        "CG": [
            "496.0000556187982", 
            "0", 
            "0"
        ], 
        "ID": "a6580b74-bc60-4edb-9f1e-200cf4660ad5", 
        "MASS": "5.870294082810621", 
        "Rotation": [
            [
                "0", 
                "4.017561413669283e-081", 
                "-1"
            ], 
            [
                "1.2246467991473532e-016", 
                "-1", 
                "-4.017561413669283e-081"
            ], 
            [
                "-1", 
                "-1.2246467991473532e-016", 
                "-4.920093725628002e-097"
            ]
        ], 
        "Translation": [
            "-375", 
            "7.105428357601002e-014", 
            "-7.6e+002"
        ]
    }, 
    "bottom_right_rear3_prop": {
        "Name": "bottom_right_rear3_prop", 
        "CG": [
            "0", 
            "0", 
            "72.39"
        ], 
        "ID": "3e2757ae-47ec-4ff3-b3cf-dea4f3dfec5e", 
        "MASS": "1.507", 
        "Rotation": [
            [
                "-1.83697019872103e-016", 
                "-1.8369701987210294e-016", 
                "1"
            ], 
            [
                "-3.673937791810571e-016", 
                "-1", 
                "-1.8369701987210302e-016"
            ], 
            [
                "1", 
                "-3.673937791810572e-016", 
                "1.8369701987210292e-016"
            ]
        ], 
        "Translation": [
            "-641.5799999999977", 
            "1.28e+004", 
            "1852.000000000003"
        ]
    }, 
    "fuselage": {
        "Name": "fuselage", 
        "CG": [
            "-219.56636122546016", 
            "0", 
            "19.090285967292782"
        ], 
        "ID": "2efc4eeb-a3d1-4946-a77c-5181fc0535a8", 
        "MASS": "185.6406258571154", 
        "Rotation": [
            [
                "1", 
                "0", 
                "0"
            ], 
            [
                "0", 
                "1", 
                "0"
            ], 
            [
                "0", 
                "0", 
                "1"
            ]
        ], 
        "Translation": [
            "1e-020", 
            "1e-020", 
            "1e-020"
        ]
    }, 
    "top_left_front1_prop": {
        "Name": "top_left_front1_prop", 
        "CG": [
            "0", 
            "0", 
            "72.39"
        ], 
        "ID": "77f504cd-a92e-4fe6-9b53-f72b384f5c10", 
        "MASS": "1.507", 
        "Rotation": [
            [
                "6.123233995736764e-017", 
                "-1.8369701987210297e-016", 
                "-1"
            ], 
            [
                "-2.60563148771461e-022", 
                "1", 
                "-1.8369701987210297e-016"
            ], 
            [
                "1", 
                "2.60563148771461e-022", 
                "6.123233995736764e-017"
            ]
        ], 
        "Translation": [
            "-108.41999999999857", 
            "-7.68e+003", 
            "-1852.000000000001"
        ]
    }, 
    "top_right_hub0": {
        "Name": "top_right_hub0", 
        "CG": [
            "99.99999997839512", 
            "0", 
            "0"
        ], 
        "ID": "ac268d62-ba01-4768-ac05-903f277f49d1", 
        "MASS": "1.3180359603737082", 
        "Rotation": [
            [
                "-6.123233995736766e-017", 
                "1", 
                "0"
            ], 
            [
                "1", 
                "6.123233995736766e-017", 
                "1.2246467991473532e-016"
            ], 
            [
                "1.2246467991473532e-016", 
                "7.498798913309288e-033", 
                "-1"
            ]
        ], 
        "Translation": [
            "-375.0000000000001", 
            "2.46e+003", 
            "-1851.9999999999998"
        ]
    }, 
    "bottom_left_front3_prop": {
        "Name": "bottom_left_front3_prop", 
        "CG": [
            "0", 
            "0", 
            "72.39"
        ], 
        "ID": "5bf058f3-f556-47b4-9a40-e12e9e49ce3e", 
        "MASS": "1.507", 
        "Rotation": [
            [
                "1.8369701987210297e-016", 
                "6.123233995736764e-017", 
                "-1"
            ], 
            [
                "-1.224649404778841e-016", 
                "1", 
                "6.123233995736761e-017"
            ], 
            [
                "1", 
                "1.224649404778841e-016", 
                "1.83697019872103e-016"
            ]
        ], 
        "Translation": [
            "-108.42000000000067", 
            "-1.28e+004", 
            "1851.999999999997"
        ]
    }, 
    "top_left_front3_motor": {
        "Name": "top_left_front3_motor", 
        "CG": [
            "0", 
            "11.902042739384683", 
            "0.03745247843485355"
        ], 
        "ID": "3f4dac58-5c21-4ea5-8d97-946e9f3a88b0", 
        "MASS": "0.188", 
        "Rotation": [
            [
                "-1.8369701987210297e-016", 
                "-1", 
                "6.123233995736766e-017"
            ], 
            [
                "1", 
                "-1.8369701987210297e-016", 
                "-1.2246467991473532e-016"
            ], 
            [
                "1.2246467991473532e-016", 
                "6.123233995736764e-017", 
                "1"
            ]
        ], 
        "Translation": [
            "-253.1999999999976", 
            "-1.28e+004", 
            "-1852.0000000000016"
        ]
    }, 
    "passenger2": {
        "Name": "passenger2", 
        "CG": [
            "-84.7353088765274", 
            "0", 
            "-541.7015266436733"
        ], 
        "ID": "0286005e-4e07-48b5-a487-8b85111e7a92", 
        "MASS": "90", 
        "Rotation": [
            [
                "0.8660254037844387", 
                "2.0543219653946353e-018", 
                "0.49999999999999994"
            ], 
            [
                "-2.3721266794455074e-018", 
                "1", 
                "0"
            ], 
            [
                "-0.49999999999999994", 
                "-1.1860633397227535e-018", 
                "0.8660254037844387"
            ]
        ], 
        "Translation": [
            "5.6292719621909555", 
            "2e+002", 
            "573.7500000000001"
        ]
    }, 
    "bottom_right_front1_prop": {
        "Name": "bottom_right_front1_prop", 
        "CG": [
            "0", 
            "0", 
            "72.39"
        ], 
        "ID": "b77b0a06-82f8-4c87-87fa-aad5f0b114ed", 
        "MASS": "1.507", 
        "Rotation": [
            [
                "6.123233995736764e-017", 
                "-1.8369701987210297e-016", 
                "-1"
            ], 
            [
                "1.224649404778841e-016", 
                "-1", 
                "1.83697019872103e-016"
            ], 
            [
                "-1", 
                "-1.224649404778841e-016", 
                "-6.123233995736761e-017"
            ]
        ], 
        "Translation": [
            "-108.41999999999857", 
            "7.68e+003", 
            "1852.0000000000018"
        ]
    }, 
    "top_right_front3_prop": {
        "Name": "top_right_front3_prop", 
        "CG": [
            "0", 
            "0", 
            "72.39"
        ], 
        "ID": "ec8859f6-91b9-4614-ab0e-715aef87ac5b", 
        "MASS": "1.507", 
        "Rotation": [
            [
                "1.8369701987210297e-016", 
                "6.123233995736764e-017", 
                "-1"
            ], 
            [
                "2.60563148771461e-022", 
                "-1", 
                "-6.123233995736764e-017"
            ], 
            [
                "-1", 
                "-2.60563148771461e-022", 
                "-1.8369701987210297e-016"
            ]
        ], 
        "Translation": [
            "-108.42000000000067", 
            "1.28e+004", 
            "-1851.9999999999984"
        ]
    }, 
    "bottom_right_hub0": {
        "Name": "bottom_right_hub0", 
        "CG": [
            "99.99999997839512", 
            "0", 
            "0"
        ], 
        "ID": "0c76b2d0-b80b-4001-91ce-950b4cc480b2", 
        "MASS": "1.3180359603737082", 
        "Rotation": [
            [
                "1.8369701987210297e-016", 
                "-1", 
                "0"
            ], 
            [
                "1", 
                "1.8369701987210297e-016", 
                "-2.4492935982947064e-016"
            ], 
            [
                "2.4492935982947064e-016", 
                "4.499279347985573e-032", 
                "1"
            ]
        ], 
        "Translation": [
            "-374.99999999999955", 
            "2459.9999999999995", 
            "1852.0000000000007"
        ]
    }, 
    "top_left_front3_prop": {
        "Name": "top_left_front3_prop", 
        "CG": [
            "0", 
            "0", 
            "72.39"
        ], 
        "ID": "50c17f5d-cd6f-4b1e-94ce-8503bf065d52", 
        "MASS": "1.507", 
        "Rotation": [
            [
                "6.123233995736764e-017", 
                "-1.8369701987210297e-016", 
                "-1"
            ], 
            [
                "-2.60563148771461e-022", 
                "1", 
                "-1.8369701987210297e-016"
            ], 
            [
                "1", 
                "2.60563148771461e-022", 
                "6.123233995736764e-017"
            ]
        ], 
        "Translation": [
            "-108.4199999999976", 
            "-1.28e+004", 
            "-1852.0000000000016"
        ]
    }, 
    "top_right_front1_motor": {
        "Name": "top_right_front1_motor", 
        "CG": [
            "0", 
            "11.902042739384683", 
            "0.03745247843485355"
        ], 
        "ID": "8b3e175b-8bb0-49fd-93c9-b1b7b226e8ca", 
        "MASS": "0.188", 
        "Rotation": [
            [
                "6.123233995736766e-017", 
                "-1", 
                "1.8369701987210297e-016"
            ], 
            [
                "-1", 
                "-6.123233995736764e-017", 
                "1.2246467991473532e-016"
            ], 
            [
                "-1.2246467991473532e-016", 
                "-1.8369701987210297e-016", 
                "-1"
            ]
        ], 
        "Translation": [
            "-253.2000000000004", 
            "7.68e+003", 
            "-1851.999999999999"
        ]
    }, 
    "top_right_front0_motor": {
        "Name": "top_right_front0_motor", 
        "CG": [
            "0", 
            "11.902042739384683", 
            "0.03745247843485355"
        ], 
        "ID": "222c43ca-4965-4f63-aff5-99c243b42aa1", 
        "MASS": "0.188", 
        "Rotation": [
            [
                "6.123233995736766e-017", 
                "-1", 
                "1.8369701987210297e-016"
            ], 
            [
                "-1", 
                "-6.123233995736764e-017", 
                "1.2246467991473532e-016"
            ], 
            [
                "-1.2246467991473532e-016", 
                "-1.8369701987210297e-016", 
                "-1"
            ]
        ], 
        "Translation": [
            "-253.2000000000001", 
            "2.56e+003", 
            "-1851.9999999999998"
        ]
    }, 
    "top_right_hub1": {
        "Name": "top_right_hub1", 
        "CG": [
            "99.99999997839512", 
            "0", 
            "0"
        ], 
        "ID": "34740b54-27ea-465d-9a0a-811bf88040cf", 
        "MASS": "1.3180359603737082", 
        "Rotation": [
            [
                "-6.123233995736766e-017", 
                "1", 
                "0"
            ], 
            [
                "1", 
                "6.123233995736766e-017", 
                "1.2246467991473532e-016"
            ], 
            [
                "1.2246467991473532e-016", 
                "7.498798913309288e-033", 
                "-1"
            ]
        ], 
        "Translation": [
            "-375.0000000000004", 
            "7.58e+003", 
            "-1851.999999999999"
        ]
    }, 
    "top_right_rear3_motor": {
        "Name": "top_right_rear3_motor", 
        "CG": [
            "0", 
            "11.902042739384683", 
            "0.03745247843485355"
        ], 
        "ID": "033ede43-2f1b-4ac4-8c6a-a852669a5f88", 
        "MASS": "0.188", 
        "Rotation": [
            [
                "6.123233995736766e-017", 
                "1", 
                "-6.123233995736766e-017"
            ], 
            [
                "-1", 
                "6.123233995736765e-017", 
                "-1.2246467991473532e-016"
            ], 
            [
                "-1.2246467991473532e-016", 
                "6.123233995736767e-017", 
                "1"
            ]
        ], 
        "Translation": [
            "-496.8000000000007", 
            "1.28e+004", 
            "-1851.9999999999984"
        ]
    }, 
    "bottom_left_bar3": {
        "Name": "bottom_left_bar3", 
        "CG": [
            "2459.999904069561", 
            "0", 
            "0"
        ], 
        "ID": "77ba5587-8ca4-415c-86e3-e6d98de7f5f7", 
        "MASS": "28.45335103765509", 
        "Rotation": [
            [
                "-6.123233995736766e-017", 
                "1", 
                "0"
            ], 
            [
                "-1", 
                "-6.123233995736766e-017", 
                "-2.4492935982947064e-016"
            ], 
            [
                "-2.4492935982947064e-016", 
                "-1.4997597826618576e-032", 
                "1"
            ]
        ], 
        "Translation": [
            "-375.0000000000004", 
            "-7.78e+003", 
            "1851.9999999999982"
        ]
    }, 
    "bottom_left_bar1": {
        "Name": "bottom_left_bar1", 
        "CG": [
            "2459.999904069561", 
            "0", 
            "0"
        ], 
        "ID": "952f1731-b4c8-452c-8d15-76a6fcaabb1c", 
        "MASS": "28.45335103765509", 
        "Rotation": [
            [
                "-6.123233995736766e-017", 
                "1", 
                "0"
            ], 
            [
                "-1", 
                "-6.123233995736766e-017", 
                "-2.4492935982947064e-016"
            ], 
            [
                "-2.4492935982947064e-016", 
                "-1.4997597826618576e-032", 
                "1"
            ]
        ], 
        "Translation": [
            "-375.0000000000001", 
            "-2660.0000000000005", 
            "1851.9999999999993"
        ]
    }, 
    "bottom_left_bar0": {
        "Name": "bottom_left_bar0", 
        "CG": [
            "1180.000002084138", 
            "0", 
            "0"
        ], 
        "ID": "a219172b-422e-4c88-b6c1-22f45c8bc9b3", 
        "MASS": "13.733437923548182", 
        "Rotation": [
            [
                "-6.123233995736766e-017", 
                "1", 
                "0"
            ], 
            [
                "-1", 
                "-6.123233995736766e-017", 
                "-2.4492935982947064e-016"
            ], 
            [
                "-2.4492935982947064e-016", 
                "-1.4997597826618576e-032", 
                "1"
            ]
        ], 
        "Translation": [
            "-374.99999999999994", 
            "-100.00000000000044", 
            "1852"
        ]
    }, 
    "bottom_right_front0_motor": {
        "Name": "bottom_right_front0_motor", 
        "CG": [
            "0", 
            "11.902042739384683", 
            "0.03745247843485355"
        ], 
        "ID": "f6374ec6-bd4b-4a98-933e-b962390e6903", 
        "MASS": "0.188", 
        "Rotation": [
            [
                "-1.8369701987210297e-016", 
                "-1", 
                "6.123233995736766e-017"
            ], 
            [
                "-1", 
                "1.83697019872103e-016", 
                "2.4492935982947064e-016"
            ], 
            [
                "-2.4492935982947064e-016", 
                "-6.123233995736761e-017", 
                "-1"
            ]
        ], 
        "Translation": [
            "-253.19999999999953", 
            "2559.9999999999995", 
            "1852.0000000000007"
        ]
    }, 
    "top_right_hub3": {
        "Name": "top_right_hub3", 
        "CG": [
            "99.99999997839512", 
            "0", 
            "0"
        ], 
        "ID": "fc8b8188-5dc2-4d2c-8c7c-015a5ece04fd", 
        "MASS": "1.3180359603737082", 
        "Rotation": [
            [
                "-6.123233995736766e-017", 
                "1", 
                "0"
            ], 
            [
                "1", 
                "6.123233995736766e-017", 
                "1.2246467991473532e-016"
            ], 
            [
                "1.2246467991473532e-016", 
                "7.498798913309288e-033", 
                "-1"
            ]
        ], 
        "Translation": [
            "-375.0000000000007", 
            "1.27e+004", 
            "-1851.9999999999984"
        ]
    }, 
    "bottom_right_bar1": {
        "Name": "bottom_right_bar1", 
        "CG": [
            "2459.999904069561", 
            "0", 
            "0"
        ], 
        "ID": "14feacd5-e37a-444f-ae88-903b273d7efd", 
        "MASS": "28.45335103765509", 
        "Rotation": [
            [
                "1.8369701987210297e-016", 
                "-1", 
                "0"
            ], 
            [
                "1", 
                "1.8369701987210297e-016", 
                "-2.4492935982947064e-016"
            ], 
            [
                "2.4492935982947064e-016", 
                "4.499279347985573e-032", 
                "1"
            ]
        ], 
        "Translation": [
            "-374.9999999999995", 
            "2659.9999999999995", 
            "1852.0000000000007"
        ]
    }, 
    "bottom_right_bar0": {
        "Name": "bottom_right_bar0", 
        "CG": [
            "1180.000002084138", 
            "0", 
            "0"
        ], 
        "ID": "03a91eb8-3588-493c-a360-c1a4fa88425a", 
        "MASS": "13.733437923548182", 
        "Rotation": [
            [
                "1.8369701987210297e-016", 
                "-1", 
                "0"
            ], 
            [
                "1", 
                "1.8369701987210297e-016", 
                "-2.4492935982947064e-016"
            ], 
            [
                "2.4492935982947064e-016", 
                "4.499279347985573e-032", 
                "1"
            ]
        ], 
        "Translation": [
            "-375", 
            "99.99999999999956", 
            "1852"
        ]
    }, 
    "bottom_right_bar3": {
        "Name": "bottom_right_bar3", 
        "CG": [
            "2459.999904069561", 
            "0", 
            "0"
        ], 
        "ID": "e79c1530-7178-475a-a9ef-8916e6ce33ef", 
        "MASS": "28.45335103765509", 
        "Rotation": [
            [
                "1.8369701987210297e-016", 
                "-1", 
                "0"
            ], 
            [
                "1", 
                "1.8369701987210297e-016", 
                "-2.4492935982947064e-016"
            ], 
            [
                "2.4492935982947064e-016", 
                "4.499279347985573e-032", 
                "1"
            ]
        ], 
        "Translation": [
            "-374.9999999999985", 
            "7.78e+003", 
            "1852.0000000000018"
        ]
    }, 
    "bottom_left_front1_prop": {
        "Name": "bottom_left_front1_prop", 
        "CG": [
            "0", 
            "0", 
            "72.39"
        ], 
        "ID": "7c2eeb99-cb6b-458b-b572-347335acaec4", 
        "MASS": "1.507", 
        "Rotation": [
            [
                "1.8369701987210297e-016", 
                "6.123233995736764e-017", 
                "-1"
            ], 
            [
                "-1.224649404778841e-016", 
                "1", 
                "6.123233995736761e-017"
            ], 
            [
                "1", 
                "1.224649404778841e-016", 
                "1.83697019872103e-016"
            ]
        ], 
        "Translation": [
            "-108.42000000000039", 
            "-7.68e+003", 
            "1851.9999999999982"
        ]
    }, 
    "bottom_left_front0_prop": {
        "Name": "bottom_left_front0_prop", 
        "CG": [
            "0", 
            "0", 
            "72.39"
        ], 
        "ID": "6e058b54-924f-4b56-a2c1-a150e845703e", 
        "MASS": "1.507", 
        "Rotation": [
            [
                "1.8369701987210297e-016", 
                "6.123233995736764e-017", 
                "-1"
            ], 
            [
                "-1.224649404778841e-016", 
                "1", 
                "6.123233995736761e-017"
            ], 
            [
                "1", 
                "1.224649404778841e-016", 
                "1.83697019872103e-016"
            ]
        ], 
        "Translation": [
            "-108.4200000000001", 
            "-2560.0000000000005", 
            "1851.9999999999993"
        ]
    }, 
    "top_left_front1_motor": {
        "Name": "top_left_front1_motor", 
        "CG": [
            "0", 
            "11.902042739384683", 
            "0.03745247843485355"
        ], 
        "ID": "c8a2371b-dd1b-4b3c-886a-52cdbf3b6674", 
        "MASS": "0.188", 
        "Rotation": [
            [
                "-1.8369701987210297e-016", 
                "-1", 
                "6.123233995736766e-017"
            ], 
            [
                "1", 
                "-1.8369701987210297e-016", 
                "-1.2246467991473532e-016"
            ], 
            [
                "1.2246467991473532e-016", 
                "6.123233995736764e-017", 
                "1"
            ]
        ], 
        "Translation": [
            "-253.19999999999857", 
            "-7.68e+003", 
            "-1852.000000000001"
        ]
    }, 
    "bottom_left_hub1": {
        "Name": "bottom_left_hub1", 
        "CG": [
            "99.99999997839512", 
            "0", 
            "0"
        ], 
        "ID": "80b5bc3b-4cda-4218-9ad2-86a7fcecd6ef", 
        "MASS": "1.3180359603737082", 
        "Rotation": [
            [
                "-6.123233995736766e-017", 
                "1", 
                "0"
            ], 
            [
                "-1", 
                "-6.123233995736766e-017", 
                "-2.4492935982947064e-016"
            ], 
            [
                "-2.4492935982947064e-016", 
                "-1.4997597826618576e-032", 
                "1"
            ]
        ], 
        "Translation": [
            "-375.0000000000004", 
            "-7.58e+003", 
            "1851.9999999999982"
        ]
    }, 
    "bottom_left_hub0": {
        "Name": "bottom_left_hub0", 
        "CG": [
            "99.99999997839512", 
            "0", 
            "0"
        ], 
        "ID": "9c0707df-9f1b-4994-a036-aa93f8455587", 
        "MASS": "1.3180359603737082", 
        "Rotation": [
            [
                "-6.123233995736766e-017", 
                "1", 
                "0"
            ], 
            [
                "-1", 
                "-6.123233995736766e-017", 
                "-2.4492935982947064e-016"
            ], 
            [
                "-2.4492935982947064e-016", 
                "-1.4997597826618576e-032", 
                "1"
            ]
        ], 
        "Translation": [
            "-375.0000000000001", 
            "-2460.0000000000005", 
            "1851.9999999999993"
        ]
    }, 
    "bottom_left_hub3": {
        "Name": "bottom_left_hub3", 
        "CG": [
            "99.99999997839512", 
            "0", 
            "0"
        ], 
        "ID": "b2e360cb-4dd1-4956-b158-33dc1866872d", 
        "MASS": "1.3180359603737082", 
        "Rotation": [
            [
                "-6.123233995736766e-017", 
                "1", 
                "0"
            ], 
            [
                "-1", 
                "-6.123233995736766e-017", 
                "-2.4492935982947064e-016"
            ], 
            [
                "-2.4492935982947064e-016", 
                "-1.4997597826618576e-032", 
                "1"
            ]
        ], 
        "Translation": [
            "-375.0000000000007", 
            "-1.27e+004", 
            "1851.999999999997"
        ]
    }, 
    "top_left_rear3_motor": {
        "Name": "top_left_rear3_motor", 
        "CG": [
            "0", 
            "11.902042739384683", 
            "0.03745247843485355"
        ], 
        "ID": "8c166696-0747-4790-82b7-627c987f5ee9", 
        "MASS": "0.188", 
        "Rotation": [
            [
                "-1.8369701987210297e-016", 
                "1", 
                "-1.8369701987210297e-016"
            ], 
            [
                "1", 
                "1.83697019872103e-016", 
                "1.224646799147353e-016"
            ], 
            [
                "1.2246467991473532e-016", 
                "-1.8369701987210294e-016", 
                "-1"
            ]
        ], 
        "Translation": [
            "-496.7999999999976", 
            "-1.28e+004", 
            "-1852.0000000000016"
        ]
    }, 
    "top_right_front3_motor": {
        "Name": "top_right_front3_motor", 
        "CG": [
            "0", 
            "11.902042739384683", 
            "0.03745247843485355"
        ], 
        "ID": "fd4839fe-9e35-4a30-a63e-b5c3360a0506", 
        "MASS": "0.188", 
        "Rotation": [
            [
                "6.123233995736766e-017", 
                "-1", 
                "1.8369701987210297e-016"
            ], 
            [
                "-1", 
                "-6.123233995736764e-017", 
                "1.2246467991473532e-016"
            ], 
            [
                "-1.2246467991473532e-016", 
                "-1.8369701987210297e-016", 
                "-1"
            ]
        ], 
        "Translation": [
            "-253.20000000000067", 
            "1.28e+004", 
            "-1851.9999999999984"
        ]
    }, 
    "bottom_hub": {
        "Name": "bottom_hub", 
        "CG": [
            "99.99999997839512", 
            "0", 
            "0"
        ], 
        "ID": "a7928d91-37f6-418c-ad43-c04afbbce917", 
        "MASS": "1.3180359603737082", 
        "Rotation": [
            [
                "0", 
                "0", 
                "-1"
            ], 
            [
                "-2.4492935982947064e-016", 
                "1", 
                "0"
            ], 
            [
                "1", 
                "2.4492935982947064e-016", 
                "0"
            ]
        ], 
        "Translation": [
            "-375", 
            "-4.063947441756579e-013", 
            "1752"
        ]
    }, 
    "bottom_bar": {
        "Name": "bottom_bar", 
        "CG": [
            "496.0000556187982", 
            "0", 
            "0"
        ], 
        "ID": "2b61618c-8ade-4e78-a569-63e7183913b3", 
        "MASS": "5.870294082810621", 
        "Rotation": [
            [
                "0", 
                "0", 
                "-1"
            ], 
            [
                "-2.4492935982947064e-016", 
                "1", 
                "0"
            ], 
            [
                "1", 
                "2.4492935982947064e-016", 
                "0"
            ]
        ], 
        "Translation": [
            "-375", 
            "-1.6342481922482303e-013", 
            "7.6e+002"
        ]
    }, 
    "passenger1": {
        "Name": "passenger1", 
        "CG": [
            "-84.7353088765274", 
            "0", 
            "-541.7015266436733"
        ], 
        "ID": "085ccfb5-f78c-4860-8b09-4e6eeba82b25", 
        "MASS": "90", 
        "Rotation": [
            [
                "0.8660254037844387", 
                "2.0543219653946353e-018", 
                "0.49999999999999994"
            ], 
            [
                "-2.3721266794455074e-018", 
                "1", 
                "0"
            ], 
            [
                "-0.49999999999999994", 
                "-1.1860633397227535e-018", 
                "0.8660254037844387"
            ]
        ], 
        "Translation": [
            "5.6292719621909555", 
            "-2e+002", 
            "573.7500000000001"
        ]
    }, 
    "top_right_bar1": {
        "Name": "top_right_bar1", 
        "CG": [
            "2459.999904069561", 
            "0", 
            "0"
        ], 
        "ID": "8a2bd7ee-6a37-41ca-b24a-f3e1f2b31ad4", 
        "MASS": "28.45335103765509", 
        "Rotation": [
            [
                "-6.123233995736766e-017", 
                "1", 
                "0"
            ], 
            [
                "1", 
                "6.123233995736766e-017", 
                "1.2246467991473532e-016"
            ], 
            [
                "1.2246467991473532e-016", 
                "7.498798913309288e-033", 
                "-1"
            ]
        ], 
        "Translation": [
            "-375.0000000000001", 
            "2.66e+003", 
            "-1851.9999999999998"
        ]
    }, 
    "bottom_right_hub3": {
        "Name": "bottom_right_hub3", 
        "CG": [
            "99.99999997839512", 
            "0", 
            "0"
        ], 
        "ID": "f7754548-92e0-47c9-9397-5e6b61f56103", 
        "MASS": "1.3180359603737082", 
        "Rotation": [
            [
                "1.8369701987210297e-016", 
                "-1", 
                "0"
            ], 
            [
                "1", 
                "1.8369701987210297e-016", 
                "-2.4492935982947064e-016"
            ], 
            [
                "2.4492935982947064e-016", 
                "4.499279347985573e-032", 
                "1"
            ]
        ], 
        "Translation": [
            "-374.9999999999976", 
            "1.27e+004", 
            "1852.000000000003"
        ]
    }, 
    "bottom_right_front0_prop": {
        "Name": "bottom_right_front0_prop", 
        "CG": [
            "0", 
            "0", 
            "72.39"
        ], 
        "ID": "5a34da48-037e-4967-a6c1-44c52f0cf94a", 
        "MASS": "1.507", 
        "Rotation": [
            [
                "6.123233995736764e-017", 
                "-1.8369701987210297e-016", 
                "-1"
            ], 
            [
                "1.224649404778841e-016", 
                "-1", 
                "1.83697019872103e-016"
            ], 
            [
                "-1", 
                "-1.224649404778841e-016", 
                "-6.123233995736761e-017"
            ]
        ], 
        "Translation": [
