{
    "right_wing": {
        "Name": "right_wing", 
        "CG": [
            "446.5108048426222", 
            "0", 
            "5000.000000000002"
        ], 
        "ID": "96c01236-e901-41b0-bf6f-6284d9a64078", 
        "MASS": "1712858.2838348306", 
        "Rotation": [
            [
                "-1", 
                "-8.035122827338563e-081", 
                "0"
            ], 
            [
                "4.920093725628002e-097", 
                "-6.123233995736767e-017", 
                "1"
            ], 
            [
                "-8.035122827338563e-081", 
                "1", 
                "6.123233995736767e-017"
            ]
        ], 
        "Translation": [
            "125", 
            "7.6e+002", 
            "-7.999999999999972"
        ]
    }, 
    "top_right_bar0": {
        "Name": "top_right_bar0", 
        "CG": [
            "1445.5026953336303", 
            "0", 
            "0"
        ], 
        "ID": "ec42b379-2fc8-4c63-836a-c79adebfd144", 
        "MASS": "16.786147119470495", 
        "Rotation": [
            [
                "-6.123233995736766e-017", 
                "1", 
                "0"
            ], 
            [
                "1", 
                "6.123233995736766e-017", 
                "1.2246467991473532e-016"
            ], 
            [
                "1.2246467991473532e-016", 
                "7.498798913309288e-033", 
                "-1"
            ]
        ], 
        "Translation": [
            "-374.99999999999994", 
            "100.00000000000048", 
            "-4143"
        ]
    }, 
    "top_right_bar1": {
        "Name": "top_right_bar1", 
        "CG": [
            "2990.9907501272082", 
            "0", 
            "0"
        ], 
        "ID": "6cbc530c-0734-47bd-895a-ba9255051030", 
        "MASS": "34.56068367233824", 
        "Rotation": [
            [
                "-6.123233995736766e-017", 
                "1", 
                "0"
            ], 
            [
                "1", 
                "6.123233995736766e-017", 
                "1.2246467991473532e-016"
            ], 
            [
                "1.2246467991473532e-016", 
                "7.498798913309288e-033", 
                "-1"
            ]
        ], 
        "Translation": [
            "-375.0000000000001", 
            "3191.0000000000005", 
            "-4143"
        ]
    }, 
    "top_hub": {
        "Name": "top_hub", 
        "CG": [
            "99.99999997839512", 
            "0", 
            "0"
        ], 
        "ID": "1ed4c071-ce1b-436c-bf17-bee6d8c12145", 
        "MASS": "1.3180359603737082", 
        "Rotation": [
            [
                "0", 
                "4.017561413669283e-081", 
                "-1"
            ], 
            [
                "1.2246467991473532e-016", 
                "-1", 
                "-4.017561413669283e-081"
            ], 
            [
                "-1", 
                "-1.2246467991473532e-016", 
                "-4.920093725628002e-097"
            ]
        ], 
        "Translation": [
            "-375", 
            "4.731058277360861e-013", 
            "-4043"
        ]
    }, 
    "top_left_bar0": {
        "Name": "top_left_bar0", 
        "CG": [
            "1445.5026953336303", 
            "0", 
            "0"
        ], 
        "ID": "39e41cfa-b555-46b7-9751-38c42de12ccc", 
        "MASS": "16.786147119470495", 
        "Rotation": [
            [
                "1.8369701987210297e-016", 
                "-1", 
                "0"
            ], 
            [
                "-1", 
                "-1.8369701987210297e-016", 
                "1.2246467991473532e-016"
            ], 
            [
                "-1.2246467991473532e-016", 
                "-2.2496396739927864e-032", 
                "-1"
            ]
        ], 
        "Translation": [
            "-375", 
            "-99.99999999999952", 
            "-4143"
        ]
    }, 
    "top_left_bar1": {
        "Name": "top_left_bar1", 
        "CG": [
            "2990.9907501272082", 
            "0", 
            "0"
        ], 
        "ID": "ecf35250-b209-49c7-9a2c-d4f867f353d5", 
        "MASS": "34.56068367233824", 
        "Rotation": [
            [
                "1.8369701987210297e-016", 
                "-1", 
                "0"
            ], 
            [
                "-1", 
                "-1.8369701987210297e-016", 
                "1.2246467991473532e-016"
            ], 
            [
                "-1.2246467991473532e-016", 
                "-2.2496396739927864e-032", 
                "-1"
            ]
        ], 
        "Translation": [
            "-374.99999999999943", 
            "-3190.9999999999995", 
            "-4143"
        ]
    }, 
    "top_bar": {
        "Name": "top_bar", 
        "CG": [
            "1641.4964742062537", 
            "0", 
            "0"
        ], 
        "ID": "c612715a-5702-4751-a81f-cdc5d70a15db", 
        "MASS": "19.039759787362065", 
        "Rotation": [
            [
                "0", 
                "4.017561413669283e-081", 
                "-1"
            ], 
            [
                "1.2246467991473532e-016", 
                "-1", 
                "-4.017561413669283e-081"
            ], 
            [
                "-1", 
                "-1.2246467991473532e-016", 
                "-4.920093725628002e-097"
            ]
        ], 
        "Translation": [
            "-375", 
            "7.105428357601002e-014", 
            "-7.6e+002"
        ]
    }, 
    "fuselage": {
        "Name": "fuselage", 
        "CG": [
            "-219.56636122546016", 
            "0", 
            "19.090285967292782"
        ], 
        "ID": "4f904bf3-da3e-4882-8d74-6861000cddea", 
        "MASS": "185.6406258571154", 
        "Rotation": [
            [
                "1", 
                "0", 
                "0"
            ], 
            [
                "0", 
                "1", 
                "0"
            ], 
            [
                "0", 
                "0", 
                "1"
            ]
        ], 
        "Translation": [
            "1e-020", 
            "1e-020", 
            "1e-020"
        ]
    }, 
    "top_right_hub0": {
        "Name": "top_right_hub0", 
        "CG": [
            "99.99999997839512", 
            "0", 
            "0"
        ], 
        "ID": "324f07ed-86d4-40b9-a883-e6fee7b1777c", 
        "MASS": "1.3180359603737082", 
        "Rotation": [
            [
                "-6.123233995736766e-017", 
                "1", 
                "0"
            ], 
            [
                "1", 
                "6.123233995736766e-017", 
                "1.2246467991473532e-016"
            ], 
            [
                "1.2246467991473532e-016", 
                "7.498798913309288e-033", 
                "-1"
            ]
        ], 
        "Translation": [
            "-375.0000000000001", 
            "2991.0000000000005", 
            "-4143"
        ]
    }, 
    "top_right_hub1": {
        "Name": "top_right_hub1", 
        "CG": [
            "99.99999997839512", 
            "0", 
            "0"
        ], 
        "ID": "ed8e0e60-bf2e-4f9f-9fc4-070b3a3faa3e", 
        "MASS": "1.3180359603737082", 
        "Rotation": [
            [
                "-6.123233995736766e-017", 
                "1", 
                "0"
            ], 
            [
                "1", 
                "6.123233995736766e-017", 
                "1.2246467991473532e-016"
            ], 
            [
                "1.2246467991473532e-016", 
                "7.498798913309288e-033", 
                "-1"
            ]
        ], 
        "Translation": [
            "-375.00000000000045", 
            "9173", 
            "-4142.999999999999"
        ]
    }, 
    "passenger2": {
        "Name": "passenger2", 
        "CG": [
            "-84.7353088765274", 
            "0", 
            "-541.7015266436733"
        ], 
        "ID": "254e061f-2ed6-4cc1-90b5-5927546c155c", 
        "MASS": "90", 
        "Rotation": [
            [
                "0.8660254037844387", 
                "2.0543219653946353e-018", 
                "0.49999999999999994"
            ], 
            [
                "-2.3721266794455074e-018", 
                "1", 
                "0"
            ], 
            [
                "-0.49999999999999994", 
                "-1.1860633397227535e-018", 
                "0.8660254037844387"
            ]
        ], 
        "Translation": [
            "5.6292719621909555", 
            "2e+002", 
            "573.7500000000001"
        ]
    }, 
    "passenger1": {
        "Name": "passenger1", 
        "CG": [
            "-84.7353088765274", 
            "0", 
            "-541.7015266436733"
        ], 
        "ID": "2337248d-a140-448f-965e-ed0230c089c3", 
        "MASS": "90", 
        "Rotation": [
            [
                "0.8660254037844387", 
                "2.0543219653946353e-018", 
                "0.49999999999999994"
            ], 
            [
                "-2.3721266794455074e-018", 
                "1", 
                "0"
            ], 
            [
                "-0.49999999999999994", 
                "-1.1860633397227535e-018", 
                "0.8660254037844387"
            ]
        ], 
        "Translation": [
            "5.6292719621909555", 
            "-2e+002", 
            "573.7500000000001"
        ]
    }, 
    "right_stear_wing": {
        "Name": "right_stear_wing", 
        "CG": [
            "446.5108048426222", 
            "0", 
            "5000.000000000002"
        ], 
        "ID": "e85462e1-91a2-4c2f-895b-429a934fa1cd", 
        "MASS": "1712858.2838348306", 
        "Rotation": [
            [
                "-1", 
                "0", 
                "0"
            ], 
            [
                "0", 
                "-1.8369701987210297e-016", 
                "1"
            ], 
            [
                "0", 
                "1", 
                "1.8369701987210297e-016"
            ]
        ], 
        "Translation": [
            "-1722", 
            "1e+002", 
            "1e-020"
        ]
    }, 
    "bottom_left_bar1": {
        "Name": "bottom_left_bar1", 
        "CG": [
            "2990.9907501272082", 
            "0", 
            "0"
        ], 
        "ID": "2a5c854e-62f6-4155-a6d1-4a39a6e4b4d3", 
        "MASS": "34.56068367233824", 
        "Rotation": [
            [
                "-6.123233995736766e-017", 
                "1", 
                "0"
            ], 
            [
                "-1", 
                "-6.123233995736766e-017", 
                "-2.4492935982947064e-016"
            ], 
            [
                "-2.4492935982947064e-016", 
                "-1.4997597826618576e-032", 
                "1"
            ]
        ], 
        "Translation": [
            "-375.0000000000001", 
            "-3191.000000000001", 
            "4142.999999999999"
        ]
    }, 
    "bottom_right_rear1_motor": {
        "Name": "bottom_right_rear1_motor", 
        "CG": [
            "0", 
            "32.03001029426097", 
            "0.006847127122193708"
        ], 
        "ID": "bf51441f-4c44-4681-b54c-888fe18bfd5e", 
        "MASS": "1.5", 
        "Rotation": [
            [
                "-1.8369701987210297e-016", 
                "1", 
                "-1.8369701987210297e-016"
            ], 
            [
                "-1", 
                "-1.8369701987210302e-016", 
                "-2.449293598294706e-016"
            ], 
            [
                "-2.4492935982947064e-016", 
                "1.8369701987210292e-016", 
                "1"
            ]
        ], 
        "Translation": [
            "-538.9999999999983", 
            "9273", 
            "4143.000000000003"
        ]
    }, 
    "bottom_left_bar0": {
        "Name": "bottom_left_bar0", 
        "CG": [
            "1445.5026953336303", 
            "0", 
            "0"
        ], 
        "ID": "e2847fab-09c0-4d2a-ad44-ddcb0aeaa737", 
        "MASS": "16.786147119470495", 
        "Rotation": [
            [
                "-6.123233995736766e-017", 
                "1", 
                "0"
            ], 
            [
                "-1", 
                "-6.123233995736766e-017", 
                "-2.4492935982947064e-016"
            ], 
            [
                "-2.4492935982947064e-016", 
                "-1.4997597826618576e-032", 
                "1"
            ]
        ], 
        "Translation": [
            "-374.99999999999994", 
            "-100.000000000001", 
            "4143"
        ]
    }, 
    "bottom_right_rear0_prop": {
        "Name": "bottom_right_rear0_prop", 
        "CG": [
            "0", 
            "0", 
            "85.725"
        ], 
        "ID": "5b0d1aaa-0c4f-4b63-a2a5-171a742069c9", 
        "MASS": "5.709", 
        "Rotation": [
            [
                "-1.83697019872103e-016", 
                "-1.8369701987210294e-016", 
                "1"
            ], 
            [
                "-3.6739377918105717e-016", 
                "-1", 
                "-1.8369701987210302e-016"
            ], 
            [
                "1", 
                "-3.673937791810572e-016", 
                "1.8369701987210292e-016"
            ]
        ], 
        "Translation": [
            "-710.4499999999994", 
            "3090.999999999999", 
            "4143.000000000001"
        ]
    }, 
    "left_stear_wing": {
        "Name": "left_stear_wing", 
        "CG": [
            "446.5108048426222", 
            "0", 
            "5000.000000000002"
        ], 
        "ID": "9d43b9df-2608-4d49-b23a-00a49be3aedc", 
        "MASS": "1712858.2838348306", 
        "Rotation": [
            [
                "-1", 
                "0", 
                "0"
            ], 
            [
                "0", 
                "1", 
                "0"
            ], 
            [
                "0", 
                "0", 
                "-1"
            ]
        ], 
        "Translation": [
            "-1722", 
            "1e-020", 
            "-1e+002"
        ]
    }, 
    "bottom_right_bar1": {
        "Name": "bottom_right_bar1", 
        "CG": [
            "2990.9907501272082", 
            "0", 
            "0"
        ], 
        "ID": "a576b794-3393-45cc-8a32-36b1cd716360", 
        "MASS": "34.56068367233824", 
        "Rotation": [
            [
                "1.8369701987210297e-016", 
                "-1", 
                "0"
            ], 
            [
                "1", 
                "1.8369701987210297e-016", 
                "-2.4492935982947064e-016"
            ], 
            [
                "2.4492935982947064e-016", 
                "4.499279347985573e-032", 
                "1"
            ]
        ], 
        "Translation": [
            "-374.99999999999943", 
            "3190.999999999999", 
            "4143.000000000001"
        ]
    }, 
    "bottom_right_bar0": {
        "Name": "bottom_right_bar0", 
        "CG": [
            "1445.5026953336303", 
            "0", 
            "0"
        ], 
        "ID": "64fddeb5-4236-4dcb-a84f-909fa170dc48", 
        "MASS": "16.786147119470495", 
        "Rotation": [
            [
                "1.8369701987210297e-016", 
                "-1", 
                "0"
            ], 
            [
                "1", 
                "1.8369701987210297e-016", 
                "-2.4492935982947064e-016"
            ], 
            [
                "2.4492935982947064e-016", 
                "4.499279347985573e-032", 
                "1"
            ]
        ], 
        "Translation": [
            "-375", 
            "99.999999999999", 
            "4143"
        ]
    }, 
    "bottom_right_rear0_motor": {
        "Name": "bottom_right_rear0_motor", 
        "CG": [
            "0", 
            "32.03001029426097", 
            "0.006847127122193708"
        ], 
        "ID": "444f71a9-8d22-41e2-b31e-ad9e85d536a7", 
        "MASS": "1.5", 
        "Rotation": [
            [
                "-1.8369701987210297e-016", 
                "1", 
                "-1.8369701987210297e-016"
            ], 
            [
                "-1", 
                "-1.8369701987210302e-016", 
                "-2.449293598294706e-016"
            ], 
            [
                "-2.4492935982947064e-016", 
                "1.8369701987210292e-016", 
                "1"
            ]
        ], 
        "Translation": [
            "-538.9999999999994", 
            "3090.999999999999", 
            "4143.000000000001"
        ]
    }, 
    "bottom_left_rear0_prop": {
        "Name": "bottom_left_rear0_prop", 
        "CG": [
            "0", 
            "0", 
            "85.725"
        ], 
        "ID": "2be97e76-4189-48fe-938e-319d8fae1b42", 
        "MASS": "5.709", 
        "Rotation": [
            [
                "-6.123233995736765e-017", 
                "6.123233995736767e-017", 
                "1"
            ], 
            [
                "3.673937791810572e-016", 
                "1", 
                "-6.123233995736765e-017"
            ], 
            [
                "-1", 
                "3.673937791810572e-016", 
                "-6.123233995736767e-017"
            ]
        ], 
        "Translation": [
            "-710.45", 
            "-3091.000000000001", 
            "4142.999999999999"
        ]
    }, 
    "top_right_rear1_motor": {
        "Name": "top_right_rear1_motor", 
        "CG": [
            "0", 
            "32.03001029426097", 
            "0.006847127122193708"
        ], 
        "ID": "e6561703-be81-45ff-b445-d195297b9546", 
        "MASS": "1.5", 
        "Rotation": [
            [
                "6.123233995736766e-017", 
                "1", 
                "-6.123233995736766e-017"
            ], 
            [
                "-1", 
                "6.123233995736765e-017", 
                "-1.2246467991473532e-016"
            ], 
            [
                "-1.2246467991473532e-016", 
                "6.123233995736767e-017", 
                "1"
            ]
        ], 
        "Translation": [
            "-539.0000000000005", 
            "9273", 
            "-4142.999999999999"
        ]
    }, 
    "bottom_left_hub1": {
        "Name": "bottom_left_hub1", 
        "CG": [
            "99.99999997839512", 
            "0", 
            "0"
        ], 
        "ID": "fbf9bd1a-747a-45cc-95b8-530090630c05", 
        "MASS": "1.3180359603737082", 
        "Rotation": [
            [
                "-6.123233995736766e-017", 
                "1", 
                "0"
            ], 
            [
                "-1", 
                "-6.123233995736766e-017", 
                "-2.4492935982947064e-016"
            ], 
            [
                "-2.4492935982947064e-016", 
                "-1.4997597826618576e-032", 
                "1"
            ]
        ], 
        "Translation": [
            "-375.00000000000045", 
            "-9173", 
            "4142.999999999997"
        ]
    }, 
    "bottom_left_hub0": {
        "Name": "bottom_left_hub0", 
        "CG": [
            "99.99999997839512", 
            "0", 
            "0"
        ], 
        "ID": "1a3acd8a-f543-4cb0-b531-cfc3c9bed58d", 
        "MASS": "1.3180359603737082", 
        "Rotation": [
            [
                "-6.123233995736766e-017", 
                "1", 
                "0"
            ], 
            [
                "-1", 
                "-6.123233995736766e-017", 
                "-2.4492935982947064e-016"
            ], 
            [
                "-2.4492935982947064e-016", 
                "-1.4997597826618576e-032", 
                "1"
            ]
        ], 
        "Translation": [
            "-375.0000000000001", 
            "-2991.000000000001", 
            "4142.999999999999"
        ]
    }, 
    "top_left_rear1_prop": {
        "Name": "top_left_rear1_prop", 
        "CG": [
            "0", 
            "0", 
            "85.725"
        ], 
        "ID": "6de21103-083b-4f59-8d46-93d73c4fed6c", 
        "MASS": "5.709", 
        "Rotation": [
            [
                "-1.83697019872103e-016", 
                "-1.8369701987210294e-016", 
                "1"
            ], 
            [
                "2.4492909926632187e-016", 
                "1", 
                "1.83697019872103e-016"
            ], 
            [
                "-1", 
                "2.4492909926632187e-016", 
                "-1.8369701987210294e-016"
            ]
        ], 
        "Translation": [
            "-710.4499999999982", 
            "-9273", 
            "-4143.000000000001"
        ]
    }, 
    "top_right_rear1_prop": {
        "Name": "top_right_rear1_prop", 
        "CG": [
            "0", 
            "0", 
            "85.725"
        ], 
        "ID": "b4b3f883-9ae3-405a-9d26-f9ea62ff3f5d", 
        "MASS": "5.709", 
        "Rotation": [
            [
                "-6.123233995736765e-017", 
                "6.123233995736767e-017", 
                "1"
            ], 
            [
                "-2.4492909926632187e-016", 
                "-1", 
                "6.123233995736765e-017"
            ], 
            [
                "1", 
                "-2.4492909926632187e-016", 
                "6.123233995736767e-017"
            ]
        ], 
        "Translation": [
            "-710.4500000000005", 
            "9273", 
            "-4142.999999999999"
        ]
    }, 
    "bottom_hub": {
        "Name": "bottom_hub", 
        "CG": [
            "99.99999997839512", 
            "0", 
            "0"
        ], 
        "ID": "f4e86ce4-0ed6-4999-ba19-9d91d5313035", 
        "MASS": "1.3180359603737082", 
        "Rotation": [
            [
                "0", 
                "0", 
                "-1"
            ], 
            [
                "-2.4492935982947064e-016", 
                "1", 
                "0"
            ], 
            [
                "1", 
                "2.4492935982947064e-016", 
                "0"
            ]
        ], 
        "Translation": [
            "-375", 
            "-9.67527907544975e-013", 
            "4043"
        ]
    }, 
    "bottom_left_rear1_motor": {
        "Name": "bottom_left_rear1_motor", 
        "CG": [
            "0", 
            "32.03001029426097", 
            "0.006847127122193708"
        ], 
        "ID": "1fbe6984-ea3e-400d-9ef6-65849549300f", 
        "MASS": "1.5", 
        "Rotation": [
            [
                "6.123233995736766e-017", 
                "1", 
                "-6.123233995736766e-017"
            ], 
            [
                "1", 
                "-6.123233995736765e-017", 
                "2.4492935982947064e-016"
            ], 
            [
                "2.4492935982947064e-016", 
                "-6.123233995736767e-017", 
                "-1"
            ]
        ], 
        "Translation": [
            "-539.0000000000005", 
            "-9273", 
            "4142.999999999997"
        ]
    }, 
    "bottom_bar": {
        "Name": "bottom_bar", 
        "CG": [
            "1641.4964742062537", 
            "0", 
            "0"
        ], 
        "ID": "9037edff-49da-4b21-80b9-4a7bca9452b1", 
        "MASS": "19.039759787362065", 
        "Rotation": [
            [
                "0", 
                "0", 
                "-1"
            ], 
            [
                "-2.4492935982947064e-016", 
                "1", 
                "0"
            ], 
            [
                "1", 
                "2.4492935982947064e-016", 
                "0"
            ]
        ], 
        "Translation": [
            "-375", 
            "-1.6342481922482303e-013", 
            "7.6e+002"
        ]
    }, 
    "bottom_left_rear1_prop": {
        "Name": "bottom_left_rear1_prop", 
        "CG": [
            "0", 
            "0", 
            "85.725"
        ], 
        "ID": "3175b931-a0e7-479b-9d8a-c7e9d0ada0c9", 
        "MASS": "5.709", 
        "Rotation": [
            [
                "-6.123233995736765e-017", 
                "6.123233995736767e-017", 
                "1"
            ], 
            [
                "3.673937791810572e-016", 
                "1", 
                "-6.123233995736765e-017"
            ], 
            [
                "-1", 
                "3.673937791810572e-016", 
                "-6.123233995736767e-017"
            ]
        ], 
        "Translation": [
            "-710.4500000000005", 
            "-9273", 
            "4142.999999999997"
        ]
    }, 
    "top_left_rear1_motor": {
        "Name": "top_left_rear1_motor", 
        "CG": [
            "0", 
            "32.03001029426097", 
            "0.006847127122193708"
        ], 
        "ID": "6b597751-b872-4d58-b8e0-99b0bb04a079", 
        "MASS": "1.5", 
        "Rotation": [
            [
                "-1.8369701987210297e-016", 
                "1", 
                "-1.8369701987210297e-016"
            ], 
            [
                "1", 
                "1.83697019872103e-016", 
                "1.224646799147353e-016"
            ], 
            [
                "1.2246467991473532e-016", 
                "-1.8369701987210294e-016", 
                "-1"
            ]
        ], 
        "Translation": [
            "-538.9999999999983", 
            "-9273", 
            "-4143.000000000001"
        ]
    }, 
    "bottom_right_hub1": {
        "Name": "bottom_right_hub1", 
        "CG": [
            "99.99999997839512", 
            "0", 
            "0"
        ], 
        "ID": "26013c0c-5bb3-4dd4-bb9a-1a553928ee08", 
        "MASS": "1.3180359603737082", 
        "Rotation": [
            [
                "1.8369701987210297e-016", 
                "-1", 
                "0"
            ], 
            [
                "1", 
                "1.8369701987210297e-016", 
                "-2.4492935982947064e-016"
            ], 
            [
                "2.4492935982947064e-016", 
                "4.499279347985573e-032", 
                "1"
            ]
        ], 
        "Translation": [
            "-374.99999999999835", 
            "9173", 
            "4143.000000000003"
        ]
    }, 
    "bottom_right_hub0": {
        "Name": "bottom_right_hub0", 
        "CG": [
            "99.99999997839512", 
            "0", 
            "0"
        ], 
        "ID": "3f8ef7a9-5b22-428f-9020-df3d7645acf9", 
        "MASS": "1.3180359603737082", 
        "Rotation": [
            [
                "1.8369701987210297e-016", 
                "-1", 
                "0"
            ], 
            [
                "1", 
                "1.8369701987210297e-016", 
                "-2.4492935982947064e-016"
            ], 
            [
                "2.4492935982947064e-016", 
                "4.499279347985573e-032", 
                "1"
            ]
        ], 
        "Translation": [
            "-374.9999999999995", 
            "2990.999999999999", 
            "4143.000000000001"
        ]
    }, 
    "top_right_rear0_motor": {
        "Name": "top_right_rear0_motor", 
        "CG": [
            "0", 
            "32.03001029426097", 
            "0.006847127122193708"
        ], 
        "ID": "d39fe7be-2171-49c4-a277-5f2eaec373d0", 
        "MASS": "1.5", 
        "Rotation": [
            [
                "6.123233995736766e-017", 
                "1", 
                "-6.123233995736766e-017"
            ], 
            [
                "-1", 
                "6.123233995736765e-017", 
                "-1.2246467991473532e-016"
            ], 
            [
                "-1.2246467991473532e-016", 
                "6.123233995736767e-017", 
                "1"
            ]
        ], 
        "Translation": [
            "-539.0000000000001", 
            "3091.0000000000005", 
            "-4143"
        ]
    }, 
    "top_left_rear0_prop": {
        "Name": "top_left_rear0_prop", 
        "CG": [
            "0", 
            "0", 
            "85.725"
        ], 
        "ID": "54978017-1915-432a-9053-d1c4ebb3da5e", 
        "MASS": "5.709", 
        "Rotation": [
            [
                "-1.83697019872103e-016", 
                "-1.8369701987210294e-016", 
                "1"
            ], 
            [
                "2.4492909926632187e-016", 
                "1", 
                "1.83697019872103e-016"
            ], 
            [
                "-1", 
                "2.4492909926632187e-016", 
                "-1.8369701987210294e-016"
            ]
        ], 
        "Translation": [
            "-710.4499999999994", 
            "-3090.9999999999995", 
            "-4143"
        ]
    }, 
    "right_battery": {
        "Name": "right_battery", 
        "CG": [
            "375", 
            "0", 
            "4793.443200000001"
        ], 
        "ID": "86405f17-b46f-47eb-886e-95029cbf969c", 
        "MASS": "457.92", 
        "Rotation": [
            [
                "-1", 
                "-8.035122827338563e-081", 
                "0"
            ], 
            [
                "4.920093725628002e-097", 
                "-6.123233995736767e-017", 
                "1"
            ], 
            [
                "-8.035122827338563e-081", 
                "1", 
                "6.123233995736767e-017"
            ]
        ], 
        "Translation": [
            "125", 
            "7.6e+002", 
            "-7.999999999999936"
        ]
    }, 
    "left_battery": {
        "Name": "left_battery", 
        "CG": [
            "375", 
            "0", 
            "4793.443200000001"
        ], 
        "ID": "aa2d6bc0-c2df-4ff7-a1cb-2b7d7f0ae441", 
        "MASS": "457.92", 
        "Rotation": [
            [
                "-1", 
                "1.1611975679724143e-032", 
                "0"
            ], 
            [
                "0", 
                "-1.8369701987210297e-016", 
                "1"
            ], 
            [
                "1.1611975679724143e-032", 
                "1", 
                "1.8369701987210297e-016"
            ]
        ], 
        "Translation": [
            "125.00000000000001", 
            "-10346.886400000001", 
            "-1.907807245515869e-012"
        ]
    }, 
    "top_left_hub0": {
        "Name": "top_left_hub0", 
        "CG": [
            "99.99999997839512", 
            "0", 
            "0"
        ], 
        "ID": "5d698b34-1a05-4f85-82eb-a3688179f255", 
        "MASS": "1.3180359603737082", 
        "Rotation": [
            [
                "1.8369701987210297e-016", 
                "-1", 
                "0"
            ], 
            [
                "-1", 
                "-1.8369701987210297e-016", 
                "1.2246467991473532e-016"
            ], 
            [
                "-1.2246467991473532e-016", 
                "-2.2496396739927864e-032", 
                "-1"
            ]
        ], 
        "Translation": [
            "-374.9999999999995", 
            "-2990.9999999999995", 
            "-4143"
        ]
    }, 
    "top_left_hub1": {
        "Name": "top_left_hub1", 
        "CG": [
            "99.99999997839512", 
            "0", 
            "0"
        ], 
        "ID": "8b6cbc29-e51f-41ac-9dbc-503cabcc1411", 
        "MASS": "1.3180359603737082", 
        "Rotation": [
            [
                "1.8369701987210297e-016", 
                "-1", 
                "0"
            ], 
            [
                "-1", 
                "-1.8369701987210297e-016", 
                "1.2246467991473532e-016"
            ], 
            [
                "-1.2246467991473532e-016", 
                "-2.2496396739927864e-032", 
                "-1"
            ]
        ], 
        "Translation": [
            "-374.99999999999835", 
            "-9173", 
            "-4143.000000000001"
        ]
    }, 
    "left_wing": {
        "Name": "left_wing", 
        "CG": [
            "446.5108048426222", 
            "0", 
            "5000.000000000002"
        ], 
        "ID": "ad7c068f-7145-4aed-b425-e7aa9e51a3dd", 
        "MASS": "1712858.2838348306", 
        "Rotation": [
            [
                "-1", 
                "0", 
                "-8.34814175628506e-017"
            ], 
            [
                "-8.34814175628506e-017", 
                "-4.4600487748869184e-017", 
                "1"
            ], 
            [
                "-3.7233119412701494e-033", 
                "1", 
                "4.4600487748869184e-017"
            ]
        ], 
        "Translation": [
            "125.00000000000085", 
            "-1.076e+004", 
            "-5.634348548364617e-013"
        ]
    }, 
    "top_right_rear0_prop": {
        "Name": "top_right_rear0_prop", 
        "CG": [
            "0", 
            "0", 
            "85.725"
        ], 
        "ID": "c2f3c3b0-a91b-4fd1-9640-d1016bcf8fc9", 
        "MASS": "5.709", 
        "Rotation": [
            [
                "-6.123233995736765e-017", 
                "6.123233995736767e-017", 
                "1"
            ], 
            [
                "-2.4492909926632187e-016", 
                "-1", 
                "6.123233995736765e-017"
            ], 
            [
                "1", 
                "-2.4492909926632187e-016", 
                "6.123233995736767e-017"
            ]
        ], 
        "Translation": [
            "-710.45", 
            "3091.0000000000005", 
            "-4143"
        ]
    }, 
    "bottom_left_rear0_motor": {
        "Name": "bottom_left_rear0_motor", 
        "CG": [
            "0", 
            "32.03001029426097", 
            "0.006847127122193708"
        ], 
        "ID": "6327cad5-590b-46b7-8818-df37f7bdf5dd", 
        "MASS": "1.5", 
        "Rotation": [
            [
                "6.123233995736766e-017", 
                "1", 
                "-6.123233995736766e-017"
            ], 
            [
                "1", 
                "-6.123233995736765e-017", 
                "2.4492935982947064e-016"
            ], 
            [
                "2.4492935982947064e-016", 
                "-6.123233995736767e-017", 
                "-1"
            ]
        ], 
        "Translation": [
            "-539.0000000000001", 
            "-3091.000000000001", 
            "4142.999999999999"
        ]
    }, 
    "bottom_right_rear1_prop": {
        "Name": "bottom_right_rear1_prop", 
        "CG": [
            "0", 
            "0", 
            "85.725"
        ], 
        "ID": "48483cd6-ff21-45e8-878f-1013f155d321", 
        "MASS": "5.709", 
        "Rotation": [
            [
                "-1.83697019872103e-016", 
                "-1.8369701987210294e-016", 
                "1"
            ], 
            [
                "-3.6739377918105717e-016", 
                "-1", 
                "-1.8369701987210302e-016"
            ], 
            [
                "1", 
                "-3.673937791810572e-016", 
                "1.8369701987210292e-016"
            ]
        ], 
        "Translation": [
            "-710.4499999999982", 
            "9273", 
            "4143.000000000003"
        ]
    }, 
    "stear_bar1": {
        "Name": "stear_bar1", 
        "CG": [
            "241.00002014874462", 
            "0", 
            "0"
        ], 
        "ID": "387fe609-758f-46f9-99e2-cb78f3561e46", 
        "MASS": "2.938875642051732", 
        "Rotation": [
            [
                "-1", 
                "0", 
                "0"
            ], 
            [
                "0", 
                "1", 
                "0"
            ], 
            [
                "0", 
                "0", 
                "-1"
            ]
        ], 
        "Translation": [
            "-1.24e+003", 
            "1e-020", 
            "1e-020"
        ]
    }, 
    "Orient": {
        "Name": "Orient", 
        "CG": [
            "0", 
            "0", 
            "0"
        ], 
        "ID": "0671aee8-ae21-4c16-95b4-8f962f02aba5", 
        "MASS": "1e-007", 
        "Rotation": [
            [
                "1", 
                "0", 
                "0"
            ], 
            [
                "0", 
                "1", 
                "0"
            ], 
            [
                "0", 
                "0", 
                "1"
            ]
        ], 
        "Translation": [
            "1e-020", 
            "1e-020", 
            "1e-020"
        ]
    }, 
    "top_left_rear0_motor": {
        "Name": "top_left_rear0_motor", 
        "CG": [
            "0", 
            "32.03001029426097", 
            "0.006847127122193708"
        ], 
        "ID": "b2562b4b-aabe-45e1-b78a-6db4c4af26db", 
        "MASS": "1.5", 
        "Rotation": [
            [
                "-1.8369701987210297e-016", 
                "1", 
                "-1.8369701987210297e-016"
            ], 
            [
                "1", 
                "1.83697019872103e-016", 
                "1.224646799147353e-016"
            ], 
            [
                "1.2246467991473532e-016", 
                "-1.8369701987210294e-016", 
                "-1"
            ]
        ], 
        "Translation": [
            "-538.9999999999994", 
            "-3090.9999999999995", 
            "-4143"
        ]
    }, 
    "stear_bar2": {
        "Name": "stear_bar2", 
        "CG": [
            "500.0000564459771", 
            "0", 
            "0"
        ], 
        "ID": "be69f3b3-2a0a-4312-a9f9-9087a7a7a325", 
        "MASS": "5.916274285852759", 
        "Rotation": [
            [
                "-1", 
                "0", 
                "0"
            ], 
            [
                "0", 
                "1", 
                "0"
            ], 
            [
                "0", 
                "0", 
                "-1"
            ]
        ], 
        "Translation": [
            "-1722", 
            "1e-020", 
            "1e-020"
        ]
    }
}