{
    "top_left_front1_motor": {
        "Name": "top_left_front1_motor", 
        "CG": [
            "0", 
            "46.15980929188165", 
            "0.0019524943555082608"
        ], 
        "ID": "df9b592a-af44-4d2a-a7a7-24f6662f8219", 
        "MASS": "20.3", 
        "Rotation": [
            [
                "-1.8369701987210297e-016", 
                "-1", 
                "6.123233995736766e-017"
            ], 
            [
                "1", 
                "-1.8369701987210297e-016", 
                "-1.2246467991473532e-016"
            ], 
            [
                "1.2246467991473532e-016", 
                "6.123233995736764e-017", 
                "1"
            ]
        ], 
        "Translation": [
            "-181.8999999999996", 
            "-2336.999999999999", 
            "-5458"
        ]
    }, 
    "bottom_left_rear6_prop": {
        "Name": "bottom_left_rear6_prop", 
        "CG": [
            "0", 
            "0", 
            "65.7225"
        ], 
        "ID": "81bbdd2f-6f58-4d9e-ac54-61f543bc77c5", 
        "MASS": "3.319", 
        "Rotation": [
            [
                "-6.123233995736765e-017", 
                "6.123233995736767e-017", 
                "1"
            ], 
            [
                "3.673937791810572e-016", 
                "1", 
                "-6.123233995736765e-017"
            ], 
            [
                "-1", 
                "3.673937791810572e-016", 
                "-6.123233995736767e-017"
            ]
        ], 
        "Translation": [
            "-699.5450000000001", 
            "-5453.000000000002", 
            "5458"
        ]
    }, 
    "right_stear_wing": {
        "Name": "right_stear_wing", 
        "CG": [
            "446.5108048426222", 
            "0", 
            "5000.000000000002"
        ], 
        "ID": "dbe70273-76b3-4f4c-bbb2-cc889ca8b632", 
        "MASS": "1712858.2838348306", 
        "Rotation": [
            [
                "-1", 
                "0", 
                "0"
            ], 
            [
                "0", 
                "-1.8369701987210297e-016", 
                "1"
            ], 
            [
                "0", 
                "1", 
                "1.8369701987210297e-016"
            ]
        ], 
        "Translation": [
            "-6088", 
            "1e+002", 
            "1e-020"
        ]
    }, 
    "bottom_right_rear6_motor": {
        "Name": "bottom_right_rear6_motor", 
        "CG": [
            "0", 
            "46.15980929188165", 
            "0.0019524943555082608"
        ], 
        "ID": "dbd3c87f-40f9-4365-ad9b-ba16cbe166c5", 
        "MASS": "20.3", 
        "Rotation": [
            [
                "-1.8369701987210297e-016", 
                "1", 
                "-1.8369701987210297e-016"
            ], 
            [
                "-1", 
                "-1.8369701987210302e-016", 
                "-2.449293598294706e-016"
            ], 
            [
                "-2.4492935982947064e-016", 
                "1.8369701987210292e-016", 
                "1"
            ]
        ], 
        "Translation": [
            "-568.099999999999", 
            "5452.999999999998", 
            "5458"
        ]
    }, 
    "bottom_left_bar6": {
        "Name": "bottom_left_bar6", 
        "CG": [
            "679.000099963127", 
            "0", 
            "0"
        ], 
        "ID": "0672b53b-94c9-44cb-838c-ba8b30906c55", 
        "MASS": "7.973889309406043", 
        "Rotation": [
            [
                "-6.123233995736766e-017", 
                "1", 
                "0"
            ], 
            [
                "-1", 
                "-6.123233995736766e-017", 
                "-2.4492935982947064e-016"
            ], 
            [
                "-2.4492935982947064e-016", 
                "-1.4997597826618576e-032", 
                "1"
            ]
        ], 
        "Translation": [
            "-375.0000000000001", 
            "-3995.0000000000014", 
            "5458"
        ]
    }, 
    "bottom_left_bar4": {
        "Name": "bottom_left_bar4", 
        "CG": [
            "679.000099963127", 
            "0", 
            "0"
        ], 
        "ID": "ed71084a-69c4-4335-800e-1bd687c52ba6", 
        "MASS": "7.973889309406043", 
        "Rotation": [
            [
                "-6.123233995736766e-017", 
                "1", 
                "0"
            ], 
            [
                "-1", 
                "-6.123233995736766e-017", 
                "-2.4492935982947064e-016"
            ], 
            [
                "-2.4492935982947064e-016", 
                "-1.4997597826618576e-032", 
                "1"
            ]
        ], 
        "Translation": [
            "-375.00000000000006", 
            "-2437.0000000000014", 
            "5458"
        ]
    }, 
    "bottom_left_bar1": {
        "Name": "bottom_left_bar1", 
        "CG": [
            "679.000099963127", 
            "0", 
            "0"
        ], 
        "ID": "92225986-3a59-4eb3-b401-34aa4b33d5dc", 
        "MASS": "7.973889309406043", 
        "Rotation": [
            [
                "-6.123233995736766e-017", 
                "1", 
                "0"
            ], 
            [
                "-1", 
                "-6.123233995736766e-017", 
                "-2.4492935982947064e-016"
            ], 
            [
                "-2.4492935982947064e-016", 
                "-1.4997597826618576e-032", 
                "1"
            ]
        ], 
        "Translation": [
            "-375", 
            "-879.0000000000014", 
            "5458"
        ]
    }, 
    "bottom_left_bar0": {
        "Name": "bottom_left_bar0", 
        "CG": [
            "289.5000251708104", 
            "0", 
            "0"
        ], 
        "ID": "8f02c6b3-58db-4885-97b0-4b5fbd5badb3", 
        "MASS": "3.4964394748988106", 
        "Rotation": [
            [
                "-6.123233995736766e-017", 
                "1", 
                "0"
            ], 
            [
                "-1", 
                "-6.123233995736766e-017", 
                "-2.4492935982947064e-016"
            ], 
            [
                "-2.4492935982947064e-016", 
                "-1.4997597826618576e-032", 
                "1"
            ]
        ], 
        "Translation": [
            "-374.99999999999994", 
            "-100.00000000000132", 
            "5458"
        ]
    }, 
    "top_right_rear0_motor": {
        "Name": "top_right_rear0_motor", 
        "CG": [
            "0", 
            "46.15980929188165", 
            "0.0019524943555082608"
        ], 
        "ID": "3e9b4a31-1ec5-41e6-a361-b5c5ccc4c596", 
        "MASS": "20.3", 
        "Rotation": [
            [
                "6.123233995736766e-017", 
                "1", 
                "-6.123233995736766e-017"
            ], 
            [
                "-1", 
                "6.123233995736765e-017", 
                "-1.2246467991473532e-016"
            ], 
            [
                "-1.2246467991473532e-016", 
                "6.123233995736767e-017", 
                "1"
            ]
        ], 
        "Translation": [
            "-568.1", 
            "779.0000000000007", 
            "-5458"
        ]
    }, 
    "bottom_left_front1_motor": {
        "Name": "bottom_left_front1_motor", 
        "CG": [
            "0", 
            "46.15980929188165", 
            "0.0019524943555082608"
        ], 
        "ID": "ba8da91d-b7a9-422d-a9b6-0ce62bc85b9c", 
        "MASS": "20.3", 
        "Rotation": [
            [
                "6.123233995736766e-017", 
                "-1", 
                "1.8369701987210297e-016"
            ], 
            [
                "1", 
                "6.123233995736761e-017", 
                "-2.4492935982947064e-016"
            ], 
            [
                "2.4492935982947064e-016", 
                "1.83697019872103e-016", 
                "1"
            ]
        ], 
        "Translation": [
            "-181.90000000000006", 
            "-2337.0000000000014", 
            "5458"
        ]
    }, 
    "bottom_left_front0_prop": {
        "Name": "bottom_left_front0_prop", 
        "CG": [
            "0", 
            "0", 
            "65.7225"
        ], 
        "ID": "9c4e2eba-9a36-445c-989c-311095c98691", 
        "MASS": "3.319", 
        "Rotation": [
            [
                "1.8369701987210297e-016", 
                "6.123233995736764e-017", 
                "-1"
            ], 
            [
                "-1.2246494047788407e-016", 
                "1", 
                "6.123233995736761e-017"
            ], 
            [
                "1", 
                "1.2246494047788407e-016", 
                "1.83697019872103e-016"
            ]
        ], 
        "Translation": [
            "-50.45500000000001", 
            "-779.0000000000014", 
            "5458"
        ]
    }, 
    "bottom_left_front4_motor": {
        "Name": "bottom_left_front4_motor", 
        "CG": [
            "0", 
            "46.15980929188165", 
            "0.0019524943555082608"
        ], 
        "ID": "e32b81d4-8eca-4c3c-b8ba-0465e2598a58", 
        "MASS": "20.3", 
        "Rotation": [
            [
                "6.123233995736766e-017", 
                "-1", 
                "1.8369701987210297e-016"
            ], 
            [
                "1", 
                "6.123233995736761e-017", 
                "-2.4492935982947064e-016"
            ], 
            [
                "2.4492935982947064e-016", 
                "1.83697019872103e-016", 
                "1"
            ]
        ], 
        "Translation": [
            "-181.90000000000012", 
            "-3895.0000000000014", 
            "5458"
        ]
    }, 
    "bottom_left_front4_prop": {
        "Name": "bottom_left_front4_prop", 
        "CG": [
            "0", 
            "0", 
            "65.7225"
        ], 
        "ID": "ffa714b5-ee9c-48cb-bc00-485469e04b41", 
        "MASS": "3.319", 
        "Rotation": [
            [
                "1.8369701987210297e-016", 
                "6.123233995736764e-017", 
                "-1"
            ], 
            [
                "-1.2246494047788407e-016", 
                "1", 
                "6.123233995736761e-017"
            ], 
            [
                "1", 
                "1.2246494047788407e-016", 
                "1.83697019872103e-016"
            ]
        ], 
        "Translation": [
            "-50.455000000000126", 
            "-3895.0000000000014", 
            "5458"
        ]
    }, 
    "top_left_rear1_motor": {
        "Name": "top_left_rear1_motor", 
        "CG": [
            "0", 
            "46.15980929188165", 
            "0.0019524943555082608"
        ], 
        "ID": "1d715447-23e0-475f-a193-c64602b18a83", 
        "MASS": "20.3", 
        "Rotation": [
            [
                "-1.8369701987210297e-016", 
                "1", 
                "-1.8369701987210297e-016"
            ], 
            [
                "1", 
                "1.83697019872103e-016", 
                "1.224646799147353e-016"
            ], 
            [
                "1.2246467991473532e-016", 
                "-1.8369701987210294e-016", 
                "-1"
            ]
        ], 
        "Translation": [
            "-568.0999999999996", 
            "-2336.999999999999", 
            "-5458"
        ]
    }, 
    "top_left_rear0_prop": {
        "Name": "top_left_rear0_prop", 
        "CG": [
            "0", 
            "0", 
            "65.7225"
        ], 
        "ID": "a45107b2-b880-4019-897d-cee549756379", 
        "MASS": "3.319", 
        "Rotation": [
            [
                "-1.83697019872103e-016", 
                "-1.8369701987210294e-016", 
                "1"
            ], 
            [
                "2.4492909926632187e-016", 
                "1", 
                "1.83697019872103e-016"
            ], 
            [
                "-1", 
                "2.4492909926632187e-016", 
                "-1.8369701987210294e-016"
            ]
        ], 
        "Translation": [
            "-699.5449999999999", 
            "-778.9999999999993", 
            "-5458"
        ]
    }, 
    "bottom_right_front1_motor": {
        "Name": "bottom_right_front1_motor", 
        "CG": [
            "0", 
            "46.15980929188165", 
            "0.0019524943555082608"
        ], 
        "ID": "0912fc02-1a2e-4e7d-bb58-c93109dc041d", 
        "MASS": "20.3", 
        "Rotation": [
            [
                "-1.8369701987210297e-016", 
                "-1", 
                "6.123233995736766e-017"
            ], 
            [
                "-1", 
                "1.83697019872103e-016", 
                "2.4492935982947064e-016"
            ], 
            [
                "-2.4492935982947064e-016", 
                "-6.123233995736761e-017", 
                "-1"
            ]
        ], 
        "Translation": [
            "-181.8999999999996", 
            "2336.9999999999986", 
            "5458"
        ]
    }, 
    "right_battery": {
        "Name": "right_battery", 
        "CG": [
            "375", 
            "0", 
            "4793.443200000001"
        ], 
        "ID": "f0a2ce08-b425-4844-b486-ea49fe9e8632", 
        "MASS": "457.92", 
        "Rotation": [
            [
                "-1", 
                "-8.035122827338563e-081", 
                "0"
            ], 
            [
                "4.920093725628002e-097", 
                "-6.123233995736767e-017", 
                "1"
            ], 
            [
                "-8.035122827338563e-081", 
                "1", 
                "6.123233995736767e-017"
            ]
        ], 
        "Translation": [
            "125", 
            "7.6e+002", 
            "-7.999999999999936"
        ]
    }, 
    "left_battery": {
        "Name": "left_battery", 
        "CG": [
            "375", 
            "0", 
            "4793.443200000001"
        ], 
        "ID": "fede9d8b-2674-42ae-a162-111cffb6cc39", 
        "MASS": "457.92", 
        "Rotation": [
            [
                "-1", 
                "1.1611975679724143e-032", 
                "0"
            ], 
            [
                "0", 
                "-1.8369701987210297e-016", 
                "1"
            ], 
            [
                "1.1611975679724143e-032", 
                "1", 
                "1.8369701987210297e-016"
            ]
        ], 
        "Translation": [
            "125.00000000000001", 
            "-10346.886400000001", 
            "-1.907807245515869e-012"
        ]
    }, 
    "top_left_hub0": {
        "Name": "top_left_hub0", 
        "CG": [
            "99.99999997839512", 
            "0", 
            "0"
        ], 
        "ID": "d647aa98-ad15-47d3-b6fe-b1fcf38c70f1", 
        "MASS": "1.3180359603737082", 
        "Rotation": [
            [
                "1.8369701987210297e-016", 
                "-1", 
                "0"
            ], 
            [
                "-1", 
                "-1.8369701987210297e-016", 
                "1.2246467991473532e-016"
            ], 
            [
                "-1.2246467991473532e-016", 
                "-2.2496396739927864e-032", 
                "-1"
            ]
        ], 
        "Translation": [
            "-374.9999999999999", 
            "-678.9999999999993", 
            "-5458"
        ]
    }, 
    "top_left_hub1": {
        "Name": "top_left_hub1", 
        "CG": [
            "99.99999997839512", 
            "0", 
            "0"
        ], 
        "ID": "ea01b17a-a070-4697-b351-2ab9819af413", 
        "MASS": "1.3180359603737082", 
        "Rotation": [
            [
                "1.8369701987210297e-016", 
                "-1", 
                "0"
            ], 
            [
                "-1", 
                "-1.8369701987210297e-016", 
                "1.2246467991473532e-016"
            ], 
            [
                "-1.2246467991473532e-016", 
                "-2.2496396739927864e-032", 
                "-1"
            ]
        ], 
        "Translation": [
            "-374.9999999999996", 
            "-2236.999999999999", 
            "-5458"
        ]
    }, 
    "top_left_hub4": {
        "Name": "top_left_hub4", 
        "CG": [
            "99.99999997839512", 
            "0", 
            "0"
        ], 
        "ID": "166ad981-9ff2-4707-abf0-7e9d84e6ea64", 
        "MASS": "1.3180359603737082", 
        "Rotation": [
            [
                "1.8369701987210297e-016", 
                "-1", 
                "0"
            ], 
            [
                "-1", 
                "-1.8369701987210297e-016", 
                "1.2246467991473532e-016"
            ], 
            [
                "-1.2246467991473532e-016", 
                "-2.2496396739927864e-032", 
                "-1"
            ]
        ], 
        "Translation": [
            "-374.9999999999993", 
            "-3794.999999999999", 
            "-5458"
        ]
    }, 
    "top_left_hub6": {
        "Name": "top_left_hub6", 
        "CG": [
            "99.99999997839512", 
            "0", 
            "0"
        ], 
        "ID": "9fb9c53d-f207-448c-bb26-c163664c0c0b", 
        "MASS": "1.3180359603737082", 
        "Rotation": [
            [
                "1.8369701987210297e-016", 
                "-1", 
                "0"
            ], 
            [
                "-1", 
                "-1.8369701987210297e-016", 
                "1.2246467991473532e-016"
            ], 
            [
                "-1.2246467991473532e-016", 
                "-2.2496396739927864e-032", 
                "-1"
            ]
        ], 
        "Translation": [
            "-374.99999999999903", 
            "-5352.999999999999", 
            "-5458"
        ]
    }, 
    "top_left_bar6": {
        "Name": "top_left_bar6", 
        "CG": [
            "679.000099963127", 
            "0", 
            "0"
        ], 
        "ID": "516b6b18-7f09-4654-ae53-aab916a5c3b4", 
        "MASS": "7.973889309406043", 
        "Rotation": [
            [
                "1.8369701987210297e-016", 
                "-1", 
                "0"
            ], 
            [
                "-1", 
                "-1.8369701987210297e-016", 
                "1.2246467991473532e-016"
            ], 
            [
                "-1.2246467991473532e-016", 
                "-2.2496396739927864e-032", 
                "-1"
            ]
        ], 
        "Translation": [
            "-374.99999999999926", 
            "-3994.999999999999", 
            "-5458"
        ]
    }, 
    "top_left_front0_motor": {
        "Name": "top_left_front0_motor", 
        "CG": [
            "0", 
            "46.15980929188165", 
            "0.0019524943555082608"
        ], 
        "ID": "a285890a-fba0-41a3-a155-07ef9a0f9917", 
        "MASS": "20.3", 
        "Rotation": [
            [
                "-1.8369701987210297e-016", 
                "-1", 
                "6.123233995736766e-017"
            ], 
            [
                "1", 
                "-1.8369701987210297e-016", 
                "-1.2246467991473532e-016"
            ], 
            [
                "1.2246467991473532e-016", 
                "6.123233995736764e-017", 
                "1"
            ]
        ], 
        "Translation": [
            "-181.8999999999999", 
            "-778.9999999999993", 
            "-5458"
        ]
    }, 
    "top_left_bar4": {
        "Name": "top_left_bar4", 
        "CG": [
            "679.000099963127", 
            "0", 
            "0"
        ], 
        "ID": "60c69fa2-a2a2-4118-8762-2856ad17d132", 
        "MASS": "7.973889309406043", 
        "Rotation": [
            [
                "1.8369701987210297e-016", 
                "-1", 
                "0"
            ], 
            [
                "-1", 
                "-1.8369701987210297e-016", 
                "1.2246467991473532e-016"
            ], 
            [
                "-1.2246467991473532e-016", 
                "-2.2496396739927864e-032", 
                "-1"
            ]
        ], 
        "Translation": [
            "-374.99999999999955", 
            "-2436.999999999999", 
            "-5458"
        ]
    }, 
    "bottom_right_bar4": {
        "Name": "bottom_right_bar4", 
        "CG": [
            "679.000099963127", 
            "0", 
            "0"
        ], 
        "ID": "c43e9c92-a301-4e1a-b30b-59fc2bc25679", 
        "MASS": "7.973889309406043", 
        "Rotation": [
            [
                "1.8369701987210297e-016", 
                "-1", 
                "0"
            ], 
            [
                "1", 
                "1.8369701987210297e-016", 
                "-2.4492935982947064e-016"
            ], 
            [
                "2.4492935982947064e-016", 
                "4.499279347985573e-032", 
                "1"
            ]
        ], 
        "Translation": [
            "-374.99999999999955", 
            "2436.9999999999986", 
            "5458"
        ]
    }, 
    "top_right_bar0": {
        "Name": "top_right_bar0", 
        "CG": [
            "289.5000251708104", 
            "0", 
            "0"
        ], 
        "ID": "054de3fe-c160-4625-972d-a7f33b46e24b", 
        "MASS": "3.4964394748988106", 
        "Rotation": [
            [
                "-6.123233995736766e-017", 
                "1", 
                "0"
            ], 
            [
                "1", 
                "6.123233995736766e-017", 
                "1.2246467991473532e-016"
            ], 
            [
                "1.2246467991473532e-016", 
                "7.498798913309288e-033", 
                "-1"
            ]
        ], 
        "Translation": [
            "-374.99999999999994", 
            "100.00000000000065", 
            "-5458"
        ]
    }, 
    "top_right_bar1": {
        "Name": "top_right_bar1", 
        "CG": [
            "679.000099963127", 
            "0", 
            "0"
        ], 
        "ID": "2dc3d50f-e6ee-462f-849f-96fca85af4f5", 
        "MASS": "7.973889309406043", 
        "Rotation": [
            [
                "-6.123233995736766e-017", 
                "1", 
                "0"
            ], 
            [
                "1", 
                "6.123233995736766e-017", 
                "1.2246467991473532e-016"
            ], 
            [
                "1.2246467991473532e-016", 
                "7.498798913309288e-033", 
                "-1"
            ]
        ], 
        "Translation": [
            "-375", 
            "879.0000000000007", 
            "-5458"
        ]
    }, 
    "top_right_bar6": {
        "Name": "top_right_bar6", 
        "CG": [
            "679.000099963127", 
            "0", 
            "0"
        ], 
        "ID": "d8f1aed2-1eb4-4c47-8093-4dbeb7bce050", 
        "MASS": "7.973889309406043", 
        "Rotation": [
            [
                "-6.123233995736766e-017", 
                "1", 
                "0"
            ], 
            [
                "1", 
                "6.123233995736766e-017", 
                "1.2246467991473532e-016"
            ], 
            [
                "1.2246467991473532e-016", 
                "7.498798913309288e-033", 
                "-1"
            ]
        ], 
        "Translation": [
            "-375.0000000000001", 
            "3995.000000000001", 
            "-5458"
        ]
    }, 
    "top_right_bar4": {
        "Name": "top_right_bar4", 
        "CG": [
            "679.000099963127", 
            "0", 
            "0"
        ], 
        "ID": "d1e84591-c6d8-4ff2-b276-ac9df388a9b7", 
        "MASS": "7.973889309406043", 
        "Rotation": [
            [
                "-6.123233995736766e-017", 
                "1", 
                "0"
            ], 
            [
                "1", 
                "6.123233995736766e-017", 
                "1.2246467991473532e-016"
            ], 
            [
                "1.2246467991473532e-016", 
                "7.498798913309288e-033", 
                "-1"
            ]
        ], 
        "Translation": [
            "-375.00000000000006", 
            "2437.000000000001", 
            "-5458"
        ]
    }, 
    "top_right_rear0_prop": {
        "Name": "top_right_rear0_prop", 
        "CG": [
            "0", 
            "0", 
            "65.7225"
        ], 
        "ID": "e9d2795b-0160-47b5-b5c5-fbc7114af2c5", 
        "MASS": "3.319", 
        "Rotation": [
            [
                "-6.123233995736765e-017", 
                "6.123233995736767e-017", 
                "1"
            ], 
            [
                "-2.4492909926632187e-016", 
                "-1", 
                "6.123233995736765e-017"
            ], 
            [
                "1", 
                "-2.4492909926632187e-016", 
                "6.123233995736767e-017"
            ]
        ], 
        "Translation": [
            "-699.5450000000001", 
            "779.0000000000007", 
            "-5458"
        ]
    }, 
    "passenger2": {
        "Name": "passenger2", 
        "CG": [
            "-84.7353088765274", 
            "0", 
            "-541.7015266436733"
        ], 
        "ID": "29cfcd3a-5c7b-41e6-b60d-b621f2464198", 
        "MASS": "90", 
        "Rotation": [
            [
                "0.8660254037844387", 
                "2.0543219653946353e-018", 
                "0.49999999999999994"
            ], 
            [
                "-2.3721266794455074e-018", 
                "1", 
                "0"
            ], 
            [
                "-0.49999999999999994", 
                "-1.1860633397227535e-018", 
                "0.8660254037844387"
            ]
        ], 
        "Translation": [
            "5.6292719621909555", 
            "2e+002", 
            "573.7500000000001"
        ]
    }, 
    "passenger1": {
        "Name": "passenger1", 
        "CG": [
            "-84.7353088765274", 
            "0", 
            "-541.7015266436733"
        ], 
        "ID": "ac434a65-2baa-4fdb-9135-cb8b5ea3f0de", 
        "MASS": "90", 
        "Rotation": [
            [
                "0.8660254037844387", 
                "2.0543219653946353e-018", 
                "0.49999999999999994"
            ], 
            [
                "-2.3721266794455074e-018", 
                "1", 
                "0"
            ], 
            [
                "-0.49999999999999994", 
                "-1.1860633397227535e-018", 
                "0.8660254037844387"
            ]
        ], 
        "Translation": [
            "5.6292719621909555", 
            "-2e+002", 
            "573.7500000000001"
        ]
    }, 
    "top_left_front4_motor": {
        "Name": "top_left_front4_motor", 
        "CG": [
            "0", 
            "46.15980929188165", 
            "0.0019524943555082608"
        ], 
        "ID": "4e23e051-134c-42a2-b564-8d89f08776de", 
        "MASS": "20.3", 
        "Rotation": [
            [
                "-1.8369701987210297e-016", 
                "-1", 
                "6.123233995736766e-017"
            ], 
            [
                "1", 
                "-1.8369701987210297e-016", 
                "-1.2246467991473532e-016"
            ], 
            [
                "1.2246467991473532e-016", 
                "6.123233995736764e-017", 
                "1"
            ]
        ], 
        "Translation": [
            "-181.89999999999932", 
            "-3894.999999999999", 
            "-5458"
        ]
    }, 
    "bottom_right_rear1_motor": {
        "Name": "bottom_right_rear1_motor", 
        "CG": [
            "0", 
            "46.15980929188165", 
            "0.0019524943555082608"
        ], 
        "ID": "b7d8b5e8-ef6a-4e02-a21b-0167cf647ad4", 
        "MASS": "20.3", 
        "Rotation": [
            [
                "-1.8369701987210297e-016", 
                "1", 
                "-1.8369701987210297e-016"
            ], 
            [
                "-1", 
                "-1.8369701987210302e-016", 
                "-2.449293598294706e-016"
            ], 
            [
                "-2.4492935982947064e-016", 
                "1.8369701987210292e-016", 
                "1"
            ]
        ], 
        "Translation": [
            "-568.0999999999996", 
            "2336.9999999999986", 
            "5458"
        ]
    }, 
    "top_right_front1_prop": {
        "Name": "top_right_front1_prop", 
        "CG": [
            "0", 
            "0", 
            "65.7225"
        ], 
        "ID": "6cafc92f-0ae9-44f1-b69d-e6e2051964b3", 
        "MASS": "3.319", 
        "Rotation": [
            [
                "1.8369701987210297e-016", 
                "6.123233995736764e-017", 
                "-1"
            ], 
            [
                "2.605631487468091e-022", 
                "-1", 
                "-6.123233995736764e-017"
            ], 
            [
                "-1", 
                "-2.605631487468091e-022", 
                "-1.8369701987210297e-016"
            ]
        ], 
        "Translation": [
            "-50.45500000000007", 
            "2337.000000000001", 
            "-5458"
        ]
    }, 
    "bottom_right_bar6": {
        "Name": "bottom_right_bar6", 
        "CG": [
            "679.000099963127", 
            "0", 
            "0"
        ], 
        "ID": "713cb00a-5f70-4b63-9c31-33c03e99a872", 
        "MASS": "7.973889309406043", 
        "Rotation": [
            [
                "1.8369701987210297e-016", 
                "-1", 
                "0"
            ], 
            [
                "1", 
                "1.8369701987210297e-016", 
                "-2.4492935982947064e-016"
            ], 
            [
                "2.4492935982947064e-016", 
                "4.499279347985573e-032", 
                "1"
            ]
        ], 
        "Translation": [
            "-374.99999999999926", 
            "3994.9999999999986", 
            "5458"
        ]
    }, 
    "bottom_right_bar1": {
        "Name": "bottom_right_bar1", 
        "CG": [
            "679.000099963127", 
            "0", 
            "0"
        ], 
        "ID": "84e292c5-a1cd-4546-b0c7-c965343030d9", 
        "MASS": "7.973889309406043", 
        "Rotation": [
            [
                "1.8369701987210297e-016", 
                "-1", 
                "0"
            ], 
            [
                "1", 
                "1.8369701987210297e-016", 
                "-2.4492935982947064e-016"
            ], 
            [
                "2.4492935982947064e-016", 
                "4.499279347985573e-032", 
                "1"
            ]
        ], 
        "Translation": [
            "-374.99999999999983", 
            "878.9999999999986", 
            "5458"
        ]
    }, 
    "bottom_right_bar0": {
        "Name": "bottom_right_bar0", 
        "CG": [
            "289.5000251708104", 
            "0", 
            "0"
        ], 
        "ID": "7b9d27e3-9837-4bc3-a1ac-1c292768d66d", 
        "MASS": "3.4964394748988106", 
        "Rotation": [
            [
                "1.8369701987210297e-016", 
                "-1", 
                "0"
            ], 
            [
                "1", 
                "1.8369701987210297e-016", 
                "-2.4492935982947064e-016"
            ], 
            [
                "2.4492935982947064e-016", 
                "4.499279347985573e-032", 
                "1"
            ]
        ], 
        "Translation": [
            "-375", 
            "99.99999999999868", 
            "5458"
        ]
    }, 
    "bottom_right_rear0_motor": {
        "Name": "bottom_right_rear0_motor", 
        "CG": [
            "0", 
            "46.15980929188165", 
            "0.0019524943555082608"
        ], 
        "ID": "8ca19a89-2595-4125-8b2f-b5a74704bb6f", 
        "MASS": "20.3", 
        "Rotation": [
            [
                "-1.8369701987210297e-016", 
                "1", 
                "-1.8369701987210297e-016"
            ], 
            [
                "-1", 
                "-1.8369701987210302e-016", 
                "-2.449293598294706e-016"
            ], 
            [
                "-2.4492935982947064e-016", 
                "1.8369701987210292e-016", 
                "1"
            ]
        ], 
        "Translation": [
            "-568.0999999999999", 
            "778.9999999999986", 
            "5458"
        ]
    }, 
    "bottom_left_rear0_prop": {
        "Name": "bottom_left_rear0_prop", 
        "CG": [
            "0", 
            "0", 
            "65.7225"
        ], 
        "ID": "9cb7ee33-f97f-431c-9d6f-1a030911751b", 
        "MASS": "3.319", 
        "Rotation": [
            [
                "-6.123233995736765e-017", 
                "6.123233995736767e-017", 
                "1"
            ], 
            [
                "3.673937791810572e-016", 
                "1", 
                "-6.123233995736765e-017"
            ], 
            [
                "-1", 
                "3.673937791810572e-016", 
                "-6.123233995736767e-017"
            ]
        ], 
        "Translation": [
            "-699.5450000000001", 
            "-779.0000000000014", 
            "5458"
        ]
    }, 
    "top_right_front1_motor": {
        "Name": "top_right_front1_motor", 
        "CG": [
            "0", 
            "46.15980929188165", 
            "0.0019524943555082608"
        ], 
        "ID": "91ca7589-1a33-4582-a754-9603bc0a7cdd", 
        "MASS": "20.3", 
        "Rotation": [
            [
                "6.123233995736766e-017", 
                "-1", 
                "1.8369701987210297e-016"
            ], 
            [
                "-1", 
                "-6.123233995736764e-017", 
                "1.2246467991473532e-016"
            ], 
            [
                "-1.2246467991473532e-016", 
                "-1.8369701987210297e-016", 
                "-1"
            ]
        ], 
        "Translation": [
            "-181.90000000000006", 
            "2337.000000000001", 
            "-5458"
        ]
    }, 
    "bottom_left_rear6_motor": {
        "Name": "bottom_left_rear6_motor", 
        "CG": [
            "0", 
            "46.15980929188165", 
            "0.0019524943555082608"
        ], 
        "ID": "29030b8e-13dc-4000-9fe7-b37e70ba0261", 
        "MASS": "20.3", 
        "Rotation": [
            [
                "6.123233995736766e-017", 
                "1", 
                "-6.123233995736766e-017"
            ], 
            [
                "1", 
                "-6.123233995736765e-017", 
                "2.4492935982947064e-016"
            ], 
            [
                "2.4492935982947064e-016", 
                "-6.123233995736767e-017", 
                "-1"
            ]
        ], 
        "Translation": [
            "-568.1000000000001", 
            "-5453.000000000002", 
            "5458"
        ]
    }, 
    "bottom_left_rear1_prop": {
        "Name": "bottom_left_rear1_prop", 
        "CG": [
            "0", 
            "0", 
            "65.7225"
        ], 
        "ID": "be07ce0a-ad59-4271-8b03-f615273db957", 
        "MASS": "3.319", 
        "Rotation": [
            [
                "-6.123233995736765e-017", 
                "6.123233995736767e-017", 
                "1"
            ], 
            [
                "3.673937791810572e-016", 
                "1", 
                "-6.123233995736765e-017"
            ], 
            [
                "-1", 
                "3.673937791810572e-016", 
                "-6.123233995736767e-017"
            ]
        ], 
        "Translation": [
            "-699.5450000000001", 
            "-2337.0000000000014", 
            "5458"
        ]
    }, 
    "bottom_right_front0_prop": {
        "Name": "bottom_right_front0_prop", 
        "CG": [
            "0", 
            "0", 
            "65.7225"
        ], 
        "ID": "1e173755-fab1-46ae-8e2f-0e397ce79581", 
        "MASS": "3.319", 
        "Rotation": [
            [
                "6.123233995736764e-017", 
                "-1.8369701987210297e-016", 
                "-1"
            ], 
            [
                "1.2246494047788407e-016", 
                "-1", 
                "1.83697019872103e-016"
            ], 
            [
                "-1", 
                "-1.2246494047788407e-016", 
                "-6.123233995736761e-017"
            ]
        ], 
        "Translation": [
            "-50.4549999999999", 
            "778.9999999999986", 
            "5458"
        ]
    }, 
    "stear_bar2": {
        "Name": "stear_bar2", 
        "CG": [
            "500.0000564459771", 
            "0", 
            "0"
        ], 
        "ID": "e669a8a2-5c8c-4cac-b252-dc20db1bc0fc", 
        "MASS": "5.916274285852759", 
        "Rotation": [
            [
                "-1", 
                "0", 
                "0"
            ], 
            [
                "0", 
                "1", 
                "0"
            ], 
            [
                "0", 
                "0", 
                "-1"
            ]
        ], 
        "Translation": [
            "-6088", 
            "1e-020", 
            "1e-020"
        ]
    }, 
    "right_wing": {
        "Name": "right_wing", 
        "CG": [
            "446.5108048426222", 
            "0", 
            "5000.000000000002"
        ], 
        "ID": "20ff7e84-66a6-4a71-b5d1-c54132473e3c", 
        "MASS": "1712858.2838348306", 
        "Rotation": [
            [
                "-1", 
                "-8.035122827338563e-081", 
                "0"
            ], 
            [
                "4.920093725628002e-097", 
                "-6.123233995736767e-017", 
                "1"
            ], 
            [
                "-8.035122827338563e-081", 
                "1", 
                "6.123233995736767e-017"
            ]
        ], 
        "Translation": [
            "125", 
            "7.6e+002", 
            "-7.999999999999972"
        ]
    }, 
    "top_left_front0_prop": {
        "Name": "top_left_front0_prop", 
        "CG": [
            "0", 
            "0", 
            "65.7225"
        ], 
        "ID": "2c44685f-09e6-49ba-82c4-7a2e4b793bb7", 
        "MASS": "3.319", 
        "Rotation": [
            [
                "6.123233995736764e-017", 
                "-1.8369701987210297e-016", 
                "-1"
            ], 
            [
                "-2.605631487468091e-022", 
                "1", 
                "-1.8369701987210297e-016"
            ], 
            [
                "1", 
                "2.605631487468091e-022", 
                "6.123233995736764e-017"
            ]
        ], 
        "Translation": [
            "-50.4549999999999", 
            "-778.9999999999993", 
            "-5458"
        ]
    }, 
    "top_left_rear6_prop": {
        "Name": "top_left_rear6_prop", 
        "CG": [
            "0", 
            "0", 
            "65.7225"
        ], 
        "ID": "6b60401d-26ca-4bdc-8ef7-0f2c6616c028", 
        "MASS": "3.319", 
        "Rotation": [
            [
                "-1.83697019872103e-016", 
                "-1.8369701987210294e-016", 
                "1"
            ], 
            [
                "2.4492909926632187e-016", 
                "1", 
                "1.83697019872103e-016"
            ], 
            [
                "-1", 
                "2.4492909926632187e-016", 
                "-1.8369701987210294e-016"
            ]
        ], 
        "Translation": [
            "-699.5449999999989", 
            "-5452.999999999999", 
