{
    "right_wing": {
        "Name": "right_wing", 
        "CG": [
            "446.5108048426222", 
            "0", 
            "5000.000000000002"
        ], 
        "ID": "e32507b0-1dd9-474a-a4c4-68296312908e", 
        "MASS": "1712858.2838348306", 
        "Rotation": [
            [
                "-1", 
                "-8.035122827338563e-081", 
                "0"
            ], 
            [
                "4.920093725628002e-097", 
                "-6.123233995736767e-017", 
                "1"
            ], 
            [
                "-8.035122827338563e-081", 
                "1", 
                "6.123233995736767e-017"
            ]
        ], 
        "Translation": [
            "125", 
            "7.6e+002", 
            "-7.999999999999972"
        ]
    }, 
    "top_right_bar0": {
        "Name": "top_right_bar0", 
        "CG": [
            "298.0000263333751", 
            "0", 
            "0"
        ], 
        "ID": "fcfe2305-d3fd-4733-b24c-0facf801bd62", 
        "MASS": "3.5941219384782737", 
        "Rotation": [
            [
                "-6.123233995736766e-017", 
                "1", 
                "0"
            ], 
            [
                "1", 
                "6.123233995736766e-017", 
                "1.2246467991473532e-016"
            ], 
            [
                "1.2246467991473532e-016", 
                "7.498798913309288e-033", 
                "-1"
            ]
        ], 
        "Translation": [
            "-374.99999999999994", 
            "100.00000000000067", 
            "-5666"
        ]
    }, 
    "top_left_front0_prop": {
        "Name": "top_left_front0_prop", 
        "CG": [
            "0", 
            "0", 
            "72.39"
        ], 
        "ID": "59f71001-cf8b-4088-90fb-89f9e3c06bcd", 
        "MASS": "2.983", 
        "Rotation": [
            [
                "6.123233995736764e-017", 
                "-1.8369701987210297e-016", 
                "-1"
            ], 
            [
                "-2.60563148771461e-022", 
                "1", 
                "-1.8369701987210297e-016"
            ], 
            [
                "1", 
                "2.60563148771461e-022", 
                "6.123233995736764e-017"
            ]
        ], 
        "Translation": [
            "-50.219999999999885", 
            "-795.9999999999993", 
            "-5666"
        ]
    }, 
    "top_left_front0_motor": {
        "Name": "top_left_front0_motor", 
        "CG": [
            "0", 
            "41.28946757574478", 
            "0.002426597010028786"
        ], 
        "ID": "8fca52ec-1517-46ca-9bf2-a561a112f72c", 
        "MASS": "12.35", 
        "Rotation": [
            [
                "-1.8369701987210297e-016", 
                "-1", 
                "6.123233995736766e-017"
            ], 
            [
                "1", 
                "-1.8369701987210297e-016", 
                "-1.2246467991473532e-016"
            ], 
            [
                "1.2246467991473532e-016", 
                "6.123233995736764e-017", 
                "1"
            ]
        ], 
        "Translation": [
            "-194.9999999999999", 
            "-795.9999999999993", 
            "-5666"
        ]
    }, 
    "top_hub": {
        "Name": "top_hub", 
        "CG": [
            "99.99999997839512", 
            "0", 
            "0"
        ], 
        "ID": "0390a264-ec5b-4692-bdf7-ef0eac2b5e91", 
        "MASS": "1.3180359603737082", 
        "Rotation": [
            [
                "0", 
                "4.017561413669283e-081", 
                "-1"
            ], 
            [
                "1.2246467991473532e-016", 
                "-1", 
                "-4.017561413669283e-081"
            ], 
            [
                "-1", 
                "-1.2246467991473532e-016", 
                "-4.920093725628002e-097"
            ]
        ], 
        "Translation": [
            "-375", 
            "6.59619535246228e-013", 
            "-5566"
        ]
    }, 
    "top_left_bar0": {
        "Name": "top_left_bar0", 
        "CG": [
            "298.0000263333751", 
            "0", 
            "0"
        ], 
        "ID": "9f452b53-4148-4dfc-9aa5-4d7450db130c", 
        "MASS": "3.5941219384782737", 
        "Rotation": [
            [
                "1.8369701987210297e-016", 
                "-1", 
                "0"
            ], 
            [
                "-1", 
                "-1.8369701987210297e-016", 
                "1.2246467991473532e-016"
            ], 
            [
                "-1.2246467991473532e-016", 
                "-2.2496396739927864e-032", 
                "-1"
            ]
        ], 
        "Translation": [
            "-375", 
            "-99.99999999999933", 
            "-5666"
        ]
    }, 
    "top_bar": {
        "Name": "top_bar", 
        "CG": [
            "2402.998629057125", 
            "0", 
            "0"
        ], 
        "ID": "7297d620-f70a-49fd-bd8b-ebbe9167a25e", 
        "MASS": "27.797967122515146", 
        "Rotation": [
            [
                "0", 
                "4.017561413669283e-081", 
                "-1"
            ], 
            [
                "1.2246467991473532e-016", 
                "-1", 
                "-4.017561413669283e-081"
            ], 
            [
                "-1", 
                "-1.2246467991473532e-016", 
                "-4.920093725628002e-097"
            ]
        ], 
        "Translation": [
            "-375", 
            "7.105428357601002e-014", 
            "-7.6e+002"
        ]
    }, 
    "fuselage": {
        "Name": "fuselage", 
        "CG": [
            "-219.56636122546016", 
            "0", 
            "19.090285967292782"
        ], 
        "ID": "7477cc11-b791-4444-af79-2358caf0c165", 
        "MASS": "185.6406258571154", 
        "Rotation": [
            [
                "1", 
                "0", 
                "0"
            ], 
            [
                "0", 
                "1", 
                "0"
            ], 
            [
                "0", 
                "0", 
                "1"
            ]
        ], 
        "Translation": [
            "1e-020", 
            "1e-020", 
            "1e-020"
        ]
    }, 
    "top_right_hub0": {
        "Name": "top_right_hub0", 
        "CG": [
            "99.99999997839512", 
            "0", 
            "0"
        ], 
        "ID": "49f914bf-d9a6-4b27-b567-35fdfcbaae64", 
        "MASS": "1.3180359603737082", 
        "Rotation": [
            [
                "-6.123233995736766e-017", 
                "1", 
                "0"
            ], 
            [
                "1", 
                "6.123233995736766e-017", 
                "1.2246467991473532e-016"
            ], 
            [
                "1.2246467991473532e-016", 
                "7.498798913309288e-033", 
                "-1"
            ]
        ], 
        "Translation": [
            "-375", 
            "696.0000000000007", 
            "-5666"
        ]
    }, 
    "passenger2": {
        "Name": "passenger2", 
        "CG": [
            "-84.7353088765274", 
            "0", 
            "-541.7015266436733"
        ], 
        "ID": "52d45c99-a01f-4d8e-a324-5a715caf62b0", 
        "MASS": "90", 
        "Rotation": [
            [
                "0.8660254037844387", 
                "2.0543219653946353e-018", 
                "0.49999999999999994"
            ], 
            [
                "-2.3721266794455074e-018", 
                "1", 
                "0"
            ], 
            [
                "-0.49999999999999994", 
                "-1.1860633397227535e-018", 
                "0.8660254037844387"
            ]
        ], 
        "Translation": [
            "5.6292719621909555", 
            "2e+002", 
            "573.7500000000001"
        ]
    }, 
    "passenger1": {
        "Name": "passenger1", 
        "CG": [
            "-84.7353088765274", 
            "0", 
            "-541.7015266436733"
        ], 
        "ID": "090390ea-6112-4440-acbb-a185b9c0df74", 
        "MASS": "90", 
        "Rotation": [
            [
                "0.8660254037844387", 
                "2.0543219653946353e-018", 
                "0.49999999999999994"
            ], 
            [
                "-2.3721266794455074e-018", 
                "1", 
                "0"
            ], 
            [
                "-0.49999999999999994", 
                "-1.1860633397227535e-018", 
                "0.8660254037844387"
            ]
        ], 
        "Translation": [
            "5.6292719621909555", 
            "-2e+002", 
            "573.7500000000001"
        ]
    }, 
    "top_right_front0_motor": {
        "Name": "top_right_front0_motor", 
        "CG": [
            "0", 
            "41.28946757574478", 
            "0.002426597010028786"
        ], 
        "ID": "c2f043a5-8789-4fbf-be72-94521c5f4c4f", 
        "MASS": "12.35", 
        "Rotation": [
            [
                "6.123233995736766e-017", 
                "-1", 
                "1.8369701987210297e-016"
            ], 
            [
                "-1", 
                "-6.123233995736764e-017", 
                "1.2246467991473532e-016"
            ], 
            [
                "-1.2246467991473532e-016", 
                "-1.8369701987210297e-016", 
                "-1"
            ]
        ], 
        "Translation": [
            "-195", 
            "796.0000000000007", 
            "-5666"
        ]
    }, 
    "bottom_left_bar0": {
        "Name": "bottom_left_bar0", 
        "CG": [
            "298.0000263333751", 
            "0", 
            "0"
        ], 
        "ID": "442090b0-3beb-4969-b038-5f4037aaba84", 
        "MASS": "3.5941219384782737", 
        "Rotation": [
            [
                "-6.123233995736766e-017", 
                "1", 
                "0"
            ], 
            [
                "-1", 
                "-6.123233995736766e-017", 
                "-2.4492935982947064e-016"
            ], 
            [
                "-2.4492935982947064e-016", 
                "-1.4997597826618576e-032", 
                "1"
            ]
        ], 
        "Translation": [
            "-374.99999999999994", 
            "-100.00000000000136", 
            "5666"
        ]
    }, 
    "bottom_right_front0_motor": {
        "Name": "bottom_right_front0_motor", 
        "CG": [
            "0", 
            "41.28946757574478", 
            "0.002426597010028786"
        ], 
        "ID": "e4aaf922-f768-4261-ae8e-bd370a9489d8", 
        "MASS": "12.35", 
        "Rotation": [
            [
                "-1.8369701987210297e-016", 
                "-1", 
                "6.123233995736766e-017"
            ], 
            [
                "-1", 
                "1.83697019872103e-016", 
                "2.4492935982947064e-016"
            ], 
            [
                "-2.4492935982947064e-016", 
                "-6.123233995736761e-017", 
                "-1"
            ]
        ], 
        "Translation": [
            "-194.9999999999999", 
            "795.9999999999986", 
            "5666"
        ]
    }, 
    "bottom_right_bar0": {
        "Name": "bottom_right_bar0", 
        "CG": [
            "298.0000263333751", 
            "0", 
            "0"
        ], 
        "ID": "eb70ab67-6190-4f08-bcd7-e58f23c3fd3b", 
        "MASS": "3.5941219384782737", 
        "Rotation": [
            [
                "1.8369701987210297e-016", 
                "-1", 
                "0"
            ], 
            [
                "1", 
                "1.8369701987210297e-016", 
                "-2.4492935982947064e-016"
            ], 
            [
                "2.4492935982947064e-016", 
                "4.499279347985573e-032", 
                "1"
            ]
        ], 
        "Translation": [
            "-375", 
            "99.99999999999864", 
            "5666"
        ]
    }, 
    "bottom_left_front0_prop": {
        "Name": "bottom_left_front0_prop", 
        "CG": [
            "0", 
            "0", 
            "72.39"
        ], 
        "ID": "0b1e140d-2e02-4cc7-b8d5-7f00789c3e03", 
        "MASS": "2.983", 
        "Rotation": [
            [
                "1.8369701987210297e-016", 
                "6.123233995736764e-017", 
                "-1"
            ], 
            [
                "-1.224649404778841e-016", 
                "1", 
                "6.123233995736761e-017"
            ], 
            [
                "1", 
                "1.224649404778841e-016", 
                "1.83697019872103e-016"
            ]
        ], 
        "Translation": [
            "-50.22", 
            "-796.0000000000014", 
            "5666"
        ]
    }, 
    "bottom_left_hub0": {
        "Name": "bottom_left_hub0", 
        "CG": [
            "99.99999997839512", 
            "0", 
            "0"
        ], 
        "ID": "047090cb-0906-4dc2-b236-f6e98d0208ca", 
        "MASS": "1.3180359603737082", 
        "Rotation": [
            [
                "-6.123233995736766e-017", 
                "1", 
                "0"
            ], 
            [
                "-1", 
                "-6.123233995736766e-017", 
                "-2.4492935982947064e-016"
            ], 
            [
                "-2.4492935982947064e-016", 
                "-1.4997597826618576e-032", 
                "1"
            ]
        ], 
        "Translation": [
            "-375", 
            "-696.0000000000014", 
            "5666"
        ]
    }, 
    "bottom_hub": {
        "Name": "bottom_hub", 
        "CG": [
            "99.99999997839512", 
            "0", 
            "0"
        ], 
        "ID": "6c2c83b8-2c6c-4ee0-bbdc-9948afeb699f", 
        "MASS": "1.3180359603737082", 
        "Rotation": [
            [
                "0", 
                "0", 
                "-1"
            ], 
            [
                "-2.4492935982947064e-016", 
                "1", 
                "0"
            ], 
            [
                "1", 
                "2.4492935982947064e-016", 
                "0"
            ]
        ], 
        "Translation": [
            "-375", 
            "-1.340555322565259e-012", 
            "5566"
        ]
    }, 
    "bottom_bar": {
        "Name": "bottom_bar", 
        "CG": [
            "2402.998629057125", 
            "0", 
            "0"
        ], 
        "ID": "13d32bbd-e8ac-4cdf-9a4c-59412bc93f98", 
        "MASS": "27.797967122515146", 
        "Rotation": [
            [
                "0", 
                "0", 
                "-1"
            ], 
            [
                "-2.4492935982947064e-016", 
                "1", 
                "0"
            ], 
            [
                "1", 
                "2.4492935982947064e-016", 
                "0"
            ]
        ], 
        "Translation": [
            "-375", 
            "-1.6342481922482303e-013", 
            "7.6e+002"
        ]
    }, 
    "bottom_right_front0_prop": {
        "Name": "bottom_right_front0_prop", 
        "CG": [
            "0", 
            "0", 
            "72.39"
        ], 
        "ID": "c34a368a-0438-4d98-bae9-fd1b9399fec7", 
        "MASS": "2.983", 
        "Rotation": [
            [
                "6.123233995736764e-017", 
                "-1.8369701987210297e-016", 
                "-1"
            ], 
            [
                "1.224649404778841e-016", 
                "-1", 
                "1.83697019872103e-016"
            ], 
            [
                "-1", 
                "-1.224649404778841e-016", 
                "-6.123233995736761e-017"
            ]
        ], 
        "Translation": [
            "-50.219999999999885", 
            "795.9999999999986", 
            "5666"
        ]
    }, 
    "bottom_right_hub0": {
        "Name": "bottom_right_hub0", 
        "CG": [
            "99.99999997839512", 
            "0", 
            "0"
        ], 
        "ID": "91e33878-3ecb-4eee-b106-a081ebf835cb", 
        "MASS": "1.3180359603737082", 
        "Rotation": [
            [
                "1.8369701987210297e-016", 
                "-1", 
                "0"
            ], 
            [
                "1", 
                "1.8369701987210297e-016", 
                "-2.4492935982947064e-016"
            ], 
            [
                "2.4492935982947064e-016", 
                "4.499279347985573e-032", 
                "1"
            ]
        ], 
        "Translation": [
            "-374.9999999999999", 
            "695.9999999999986", 
            "5666"
        ]
    }, 
    "bottom_left_front0_motor": {
        "Name": "bottom_left_front0_motor", 
        "CG": [
            "0", 
            "41.28946757574478", 
            "0.002426597010028786"
        ], 
        "ID": "dd2c8656-afc9-41e8-9100-c0bbe07e48e3", 
        "MASS": "12.35", 
        "Rotation": [
            [
                "6.123233995736766e-017", 
                "-1", 
                "1.8369701987210297e-016"
            ], 
            [
                "1", 
                "6.123233995736761e-017", 
                "-2.4492935982947064e-016"
            ], 
            [
                "2.4492935982947064e-016", 
                "1.83697019872103e-016", 
                "1"
            ]
        ], 
        "Translation": [
            "-195", 
            "-796.0000000000014", 
            "5666"
        ]
    }, 
    "right_battery": {
        "Name": "right_battery", 
        "CG": [
            "375", 
            "0", 
            "4793.443200000001"
        ], 
        "ID": "075bef45-32e0-4600-a6e2-03c89ef587a2", 
        "MASS": "457.92", 
        "Rotation": [
            [
                "-1", 
                "-8.035122827338563e-081", 
                "0"
            ], 
            [
                "4.920093725628002e-097", 
                "-6.123233995736767e-017", 
                "1"
            ], 
            [
                "-8.035122827338563e-081", 
                "1", 
                "6.123233995736767e-017"
            ]
        ], 
        "Translation": [
            "125", 
            "7.6e+002", 
            "-7.999999999999936"
        ]
    }, 
    "left_battery": {
        "Name": "left_battery", 
        "CG": [
            "375", 
            "0", 
            "4793.443200000001"
        ], 
        "ID": "1d69e4fa-12f4-47ec-8822-2db8a31cb5b6", 
        "MASS": "457.92", 
        "Rotation": [
            [
                "-1", 
                "1.1611975679724143e-032", 
                "0"
            ], 
            [
                "0", 
                "-1.8369701987210297e-016", 
                "1"
            ], 
            [
                "1.1611975679724143e-032", 
                "1", 
                "1.8369701987210297e-016"
            ]
        ], 
        "Translation": [
            "125.00000000000001", 
            "-10346.886400000001", 
            "-1.907807245515869e-012"
        ]
    }, 
    "top_left_hub0": {
        "Name": "top_left_hub0", 
        "CG": [
            "99.99999997839512", 
            "0", 
            "0"
        ], 
        "ID": "a73e4ada-4d2a-432b-8f5a-4e00509a8d94", 
        "MASS": "1.3180359603737082", 
        "Rotation": [
            [
                "1.8369701987210297e-016", 
                "-1", 
                "0"
            ], 
            [
                "-1", 
                "-1.8369701987210297e-016", 
                "1.2246467991473532e-016"
            ], 
            [
                "-1.2246467991473532e-016", 
                "-2.2496396739927864e-032", 
                "-1"
            ]
        ], 
        "Translation": [
            "-374.9999999999999", 
            "-695.9999999999993", 
            "-5666"
        ]
    }, 
    "left_wing": {
        "Name": "left_wing", 
        "CG": [
            "446.5108048426222", 
            "0", 
            "5000.000000000002"
        ], 
        "ID": "fb0277af-87d9-4ac4-bf96-350d29cef00f", 
        "MASS": "1712858.2838348306", 
        "Rotation": [
            [
                "-1", 
                "0", 
                "-8.34814175628506e-017"
            ], 
            [
                "-8.34814175628506e-017", 
                "-4.4600487748869184e-017", 
                "1"
            ], 
            [
                "-3.7233119412701494e-033", 
                "1", 
                "4.4600487748869184e-017"
            ]
        ], 
        "Translation": [
            "125.00000000000085", 
            "-1.076e+004", 
            "-5.634348548364617e-013"
        ]
    }, 
    "Orient": {
        "Name": "Orient", 
        "CG": [
            "0", 
            "0", 
            "0"
        ], 
        "ID": "d9c68e29-3c03-4be4-a735-39ba7fac5c10", 
        "MASS": "1e-007", 
        "Rotation": [
            [
                "1", 
                "0", 
                "0"
            ], 
            [
                "0", 
                "1", 
                "0"
            ], 
            [
                "0", 
                "0", 
                "1"
            ]
        ], 
        "Translation": [
            "1e-020", 
            "1e-020", 
            "1e-020"
        ]
    }, 
    "top_right_front0_prop": {
        "Name": "top_right_front0_prop", 
        "CG": [
            "0", 
            "0", 
            "72.39"
        ], 
        "ID": "b13bcb1b-27e8-4821-9181-667777b82715", 
        "MASS": "2.983", 
        "Rotation": [
            [
                "1.8369701987210297e-016", 
                "6.123233995736764e-017", 
                "-1"
            ], 
            [
                "2.60563148771461e-022", 
                "-1", 
                "-6.123233995736764e-017"
            ], 
            [
                "-1", 
                "-2.60563148771461e-022", 
                "-1.8369701987210297e-016"
            ]
        ], 
        "Translation": [
            "-50.22", 
            "796.0000000000007", 
            "-5666"
        ]
    }
}