{
    "bottom_right_hub12": {
        "Name": "bottom_right_hub12", 
        "CG": [
            "99.99999997839512", 
            "0", 
            "0"
        ], 
        "ID": "cbeebf67-9e03-4b36-b555-6db78cbaae4e", 
        "MASS": "1.3180359603737082", 
        "Rotation": [
            [
                "1.8369701987210297e-016", 
                "-1", 
                "0"
            ], 
            [
                "1", 
                "1.8369701987210297e-016", 
                "-2.4492935982947064e-016"
            ], 
            [
                "2.4492935982947064e-016", 
                "4.499279347985573e-032", 
                "1"
            ]
        ], 
        "Translation": [
            "-374.99999999999363", 
            "3.449e+004", 
            "3747.000000000007"
        ]
    }, 
    "top_right_hub6": {
        "Name": "top_right_hub6", 
        "CG": [
            "99.99999997839512", 
            "0", 
            "0"
        ], 
        "ID": "e8fe874e-112a-403e-b98c-5560633ac90d", 
        "MASS": "1.3180359603737082", 
        "Rotation": [
            [
                "-6.123233995736766e-017", 
                "1", 
                "0"
            ], 
            [
                "1", 
                "6.123233995736766e-017", 
                "1.2246467991473532e-016"
            ], 
            [
                "1.2246467991473532e-016", 
                "7.498798913309288e-033", 
                "-1"
            ]
        ], 
        "Translation": [
            "-375.0000000000009", 
            "16042", 
            "-3746.999999999998"
        ]
    }, 
    "top_left_rear12_motor": {
        "Name": "top_left_rear12_motor", 
        "CG": [
            "0", 
            "35.51880805854182", 
            "0.008797029715290172"
        ], 
        "ID": "c663727d-4c7c-46ef-889a-fa3100875848", 
        "MASS": "1.18", 
        "Rotation": [
            [
                "-1.8369701987210297e-016", 
                "1", 
                "-1.8369701987210297e-016"
            ], 
            [
                "1", 
                "1.83697019872103e-016", 
                "1.224646799147353e-016"
            ], 
            [
                "1.2246467991473532e-016", 
                "-1.8369701987210294e-016", 
                "-1"
            ]
        ], 
        "Translation": [
            "-540.1999999999937", 
            "-3.459e+004", 
            "-3747.0000000000036"
        ]
    }, 
    "top_left_rear7_motor": {
        "Name": "top_left_rear7_motor", 
        "CG": [
            "0", 
            "35.51880805854182", 
            "0.008797029715290172"
        ], 
        "ID": "08dc07c1-5292-49f2-a7a9-6f6399eb36d2", 
        "MASS": "1.18", 
        "Rotation": [
            [
                "-1.8369701987210297e-016", 
                "1", 
                "-1.8369701987210297e-016"
            ], 
            [
                "1", 
                "1.83697019872103e-016", 
                "1.224646799147353e-016"
            ], 
            [
                "1.2246467991473532e-016", 
                "-1.8369701987210294e-016", 
                "-1"
            ]
        ], 
        "Translation": [
            "-540.1999999999962", 
            "-20754", 
            "-3747.0000000000023"
        ]
    }, 
    "top_right_bar1": {
        "Name": "top_right_bar1", 
        "CG": [
            "2205.996588309154", 
            "0", 
            "0"
        ], 
        "ID": "7f44542c-acfe-4f25-9652-421424d87a6e", 
        "MASS": "25.53196139344858", 
        "Rotation": [
            [
                "-6.123233995736766e-017", 
                "1", 
                "0"
            ], 
            [
                "1", 
                "6.123233995736766e-017", 
                "1.2246467991473532e-016"
            ], 
            [
                "1.2246467991473532e-016", 
                "7.498798913309288e-033", 
                "-1"
            ]
        ], 
        "Translation": [
            "-375.00000000000006", 
            "2406.0000000000005", 
            "-3746.9999999999995"
        ]
    }, 
    "bottom_left_rear7_prop": {
        "Name": "bottom_left_rear7_prop", 
        "CG": [
            "0", 
            "0", 
            "52.387499999999996"
        ], 
        "ID": "0c1fb5fb-23df-4268-93c8-16e51357ba8d", 
        "MASS": "1.565", 
        "Rotation": [
            [
                "-6.123233995736765e-017", 
                "6.123233995736767e-017", 
                "1"
            ], 
            [
                "3.673937791810572e-016", 
                "1", 
                "-6.123233995736765e-017"
            ], 
            [
                "-1", 
                "3.673937791810572e-016", 
                "-6.123233995736767e-017"
            ]
        ], 
        "Translation": [
            "-644.9750000000012", 
            "-20754", 
            "3746.999999999996"
        ]
    }, 
    "bottom_left_rear6_prop": {
        "Name": "bottom_left_rear6_prop", 
        "CG": [
            "0", 
            "0", 
            "52.387499999999996"
        ], 
        "ID": "a89fd05c-f7e9-4a68-90f4-d0339d2ac7b9", 
        "MASS": "1.565", 
        "Rotation": [
            [
                "-6.123233995736765e-017", 
                "6.123233995736767e-017", 
                "1"
            ], 
            [
                "3.673937791810572e-016", 
                "1", 
                "-6.123233995736765e-017"
            ], 
            [
                "-1", 
                "3.673937791810572e-016", 
                "-6.123233995736767e-017"
            ]
        ], 
        "Translation": [
            "-644.9750000000009", 
            "-16142", 
            "3746.999999999997"
        ]
    }, 
    "right_stear_wing": {
        "Name": "right_stear_wing", 
        "CG": [
            "446.5108048426222", 
            "0", 
            "5000.000000000002"
        ], 
        "ID": "178a94e7-3fa2-4bd8-98af-130a3002fe72", 
        "MASS": "1712858.2838348306", 
        "Rotation": [
            [
                "-1", 
                "0", 
                "0"
            ], 
            [
                "0", 
                "-1.8369701987210297e-016", 
                "1"
            ], 
            [
                "0", 
                "1", 
                "1.8369701987210297e-016"
            ]
        ], 
        "Translation": [
            "-4758", 
            "1e+002", 
            "1e-020"
        ]
    }, 
    "bottom_left_front9_prop": {
        "Name": "bottom_left_front9_prop", 
        "CG": [
            "0", 
            "0", 
            "52.387499999999996"
        ], 
        "ID": "4a1c7ab9-c0a7-443e-849b-a0ed47fac313", 
        "MASS": "1.565", 
        "Rotation": [
            [
                "1.8369701987210297e-016", 
                "6.123233995736764e-017", 
                "-1"
            ], 
            [
                "-1.2246494047788407e-016", 
                "1", 
                "6.123233995736761e-017"
            ], 
            [
                "1", 
                "1.2246494047788407e-016", 
                "1.83697019872103e-016"
            ]
        ], 
        "Translation": [
            "-105.02500000000178", 
            "-29978", 
            "3746.999999999994"
        ]
    }, 
    "top_right_hub7": {
        "Name": "top_right_hub7", 
        "CG": [
            "99.99999997839512", 
            "0", 
            "0"
        ], 
        "ID": "23bdb552-fae9-4d55-80cd-1d47f329119d", 
        "MASS": "1.3180359603737082", 
        "Rotation": [
            [
                "-6.123233995736766e-017", 
                "1", 
                "0"
            ], 
            [
                "1", 
                "6.123233995736766e-017", 
                "1.2246467991473532e-016"
            ], 
            [
                "1.2246467991473532e-016", 
                "7.498798913309288e-033", 
                "-1"
            ]
        ], 
        "Translation": [
            "-375.0000000000012", 
            "20654", 
            "-3746.9999999999977"
        ]
    }, 
    "bottom_right_rear6_motor": {
        "Name": "bottom_right_rear6_motor", 
        "CG": [
            "0", 
            "35.51880805854182", 
            "0.008797029715290172"
        ], 
        "ID": "f89b8100-be19-4711-82c0-ec09e2ace895", 
        "MASS": "1.18", 
        "Rotation": [
            [
                "-1.8369701987210297e-016", 
                "1", 
                "-1.8369701987210297e-016"
            ], 
            [
                "-1", 
                "-1.8369701987210302e-016", 
                "-2.449293598294706e-016"
            ], 
            [
                "-2.4492935982947064e-016", 
                "1.8369701987210292e-016", 
                "1"
            ]
        ], 
        "Translation": [
            "-540.1999999999971", 
            "16142", 
            "3747.000000000003"
        ]
    }, 
    "bottom_left_bar7": {
        "Name": "bottom_left_bar7", 
        "CG": [
            "2205.996588309154", 
            "0", 
            "0"
        ], 
        "ID": "be9e687b-dd7e-4dab-a215-d3970fb81085", 
        "MASS": "25.53196139344858", 
        "Rotation": [
            [
                "-6.123233995736766e-017", 
                "1", 
                "0"
            ], 
            [
                "-1", 
                "-6.123233995736766e-017", 
                "-2.4492935982947064e-016"
            ], 
            [
                "-2.4492935982947064e-016", 
                "-1.4997597826618576e-032", 
                "1"
            ]
        ], 
        "Translation": [
            "-375.0000000000009", 
            "-16242", 
            "3746.999999999997"
        ]
    }, 
    "bottom_left_bar6": {
        "Name": "bottom_left_bar6", 
        "CG": [
            "2205.996588309154", 
            "0", 
            "0"
        ], 
        "ID": "8df97a3f-2469-467e-802f-7e05abc43a71", 
        "MASS": "25.53196139344858", 
        "Rotation": [
            [
                "-6.123233995736766e-017", 
                "1", 
                "0"
            ], 
            [
                "-1", 
                "-6.123233995736766e-017", 
                "-2.4492935982947064e-016"
            ], 
            [
                "-2.4492935982947064e-016", 
                "-1.4997597826618576e-032", 
                "1"
            ]
        ], 
        "Translation": [
            "-375.0000000000006", 
            "-1.163e+004", 
            "3746.9999999999977"
        ]
    }, 
    "bottom_left_bar5": {
        "Name": "bottom_left_bar5", 
        "CG": [
            "2205.996588309154", 
            "0", 
            "0"
        ], 
        "ID": "2fb4a2a6-fc89-4b1b-a50c-730fb771e05b", 
        "MASS": "25.53196139344858", 
        "Rotation": [
            [
                "-6.123233995736766e-017", 
                "1", 
                "0"
            ], 
            [
                "-1", 
                "-6.123233995736766e-017", 
                "-2.4492935982947064e-016"
            ], 
            [
                "-2.4492935982947064e-016", 
                "-1.4997597826618576e-032", 
                "1"
            ]
        ], 
        "Translation": [
            "-375.00000000000034", 
            "-7018.000000000001", 
            "3746.9999999999986"
        ]
    }, 
    "bottom_left_bar1": {
        "Name": "bottom_left_bar1", 
        "CG": [
            "2205.996588309154", 
            "0", 
            "0"
        ], 
        "ID": "3dac16b7-7476-4bb0-a871-e1aa13356549", 
        "MASS": "25.53196139344858", 
        "Rotation": [
            [
                "-6.123233995736766e-017", 
                "1", 
                "0"
            ], 
            [
                "-1", 
                "-6.123233995736766e-017", 
                "-2.4492935982947064e-016"
            ], 
            [
                "-2.4492935982947064e-016", 
                "-1.4997597826618576e-032", 
                "1"
            ]
        ], 
        "Translation": [
            "-375.00000000000006", 
            "-2406.000000000001", 
            "3746.9999999999995"
        ]
    }, 
    "bottom_left_bar0": {
        "Name": "bottom_left_bar0", 
        "CG": [
            "1053.000002044615", 
            "0", 
            "0"
        ], 
        "ID": "420a4ca0-1247-408a-b6e3-5fede24364a9", 
        "MASS": "12.273468220641565", 
        "Rotation": [
            [
                "-6.123233995736766e-017", 
                "1", 
                "0"
            ], 
            [
                "-1", 
                "-6.123233995736766e-017", 
                "-2.4492935982947064e-016"
            ], 
            [
                "-2.4492935982947064e-016", 
                "-1.4997597826618576e-032", 
                "1"
            ]
        ], 
        "Translation": [
            "-374.99999999999994", 
            "-100.0000000000009", 
            "3747"
        ]
    }, 
    "top_right_rear0_motor": {
        "Name": "top_right_rear0_motor", 
        "CG": [
            "0", 
            "35.51880805854182", 
            "0.008797029715290172"
        ], 
        "ID": "b5deef5b-ddf2-47ed-a5df-e0ba53e6a88c", 
        "MASS": "1.18", 
        "Rotation": [
            [
                "6.123233995736766e-017", 
                "1", 
                "-6.123233995736766e-017"
            ], 
            [
                "-1", 
                "6.123233995736765e-017", 
                "-1.2246467991473532e-016"
            ], 
            [
                "-1.2246467991473532e-016", 
                "6.123233995736767e-017", 
                "1"
            ]
        ], 
        "Translation": [
            "-540.2", 
            "2306.0000000000005", 
            "-3746.9999999999995"
        ]
    }, 
    "top_left_front8_motor": {
        "Name": "top_left_front8_motor", 
        "CG": [
            "0", 
            "35.51880805854182", 
            "0.008797029715290172"
        ], 
        "ID": "6588489f-975c-465c-9209-ce0121c19693", 
        "MASS": "1.18", 
        "Rotation": [
            [
                "-1.8369701987210297e-016", 
                "-1", 
                "6.123233995736766e-017"
            ], 
            [
                "1", 
                "-1.8369701987210297e-016", 
                "-1.2246467991473532e-016"
            ], 
            [
                "1.2246467991473532e-016", 
                "6.123233995736764e-017", 
                "1"
            ]
        ], 
        "Translation": [
            "-209.79999999999535", 
            "-25366", 
            "-3747.0000000000027"
        ]
    }, 
    "bottom_left_bar9": {
        "Name": "bottom_left_bar9", 
        "CG": [
            "2205.996588309154", 
            "0", 
            "0"
        ], 
        "ID": "d993a10b-2e90-4e6e-b8f2-eef8687cb6f2", 
        "MASS": "25.53196139344858", 
        "Rotation": [
            [
                "-6.123233995736766e-017", 
                "1", 
                "0"
            ], 
            [
                "-1", 
                "-6.123233995736766e-017", 
                "-2.4492935982947064e-016"
            ], 
            [
                "-2.4492935982947064e-016", 
                "-1.4997597826618576e-032", 
                "1"
            ]
        ], 
        "Translation": [
            "-375.0000000000015", 
            "-25466", 
            "3746.999999999995"
        ]
    }, 
    "bottom_left_bar8": {
        "Name": "bottom_left_bar8", 
        "CG": [
            "2205.996588309154", 
            "0", 
            "0"
        ], 
        "ID": "d58ec3e1-a9ad-4cb9-9872-b6689cd1b846", 
        "MASS": "25.53196139344858", 
        "Rotation": [
            [
                "-6.123233995736766e-017", 
                "1", 
                "0"
            ], 
            [
                "-1", 
                "-6.123233995736766e-017", 
                "-2.4492935982947064e-016"
            ], 
            [
                "-2.4492935982947064e-016", 
                "-1.4997597826618576e-032", 
                "1"
            ]
        ], 
        "Translation": [
            "-375.0000000000012", 
            "-20854", 
            "3746.999999999996"
        ]
    }, 
    "bottom_left_front0_prop": {
        "Name": "bottom_left_front0_prop", 
        "CG": [
            "0", 
            "0", 
            "52.387499999999996"
        ], 
        "ID": "4cbe5c3a-4df4-423d-8d0f-928564d933ab", 
        "MASS": "1.565", 
        "Rotation": [
            [
                "1.8369701987210297e-016", 
                "6.123233995736764e-017", 
                "-1"
            ], 
            [
                "-1.2246494047788407e-016", 
                "1", 
                "6.123233995736761e-017"
            ], 
            [
                "1", 
                "1.2246494047788407e-016", 
                "1.83697019872103e-016"
            ]
        ], 
        "Translation": [
            "-105.02500000000008", 
            "-2306.000000000001", 
            "3746.9999999999995"
        ]
    }, 
    "top_left_hub12": {
        "Name": "top_left_hub12", 
        "CG": [
            "99.99999997839512", 
            "0", 
            "0"
        ], 
        "ID": "a9cd82a5-ca39-4c6d-b61a-28d9add93ef4", 
        "MASS": "1.3180359603737082", 
        "Rotation": [
            [
                "1.8369701987210297e-016", 
                "-1", 
                "0"
            ], 
            [
                "-1", 
                "-1.8369701987210297e-016", 
                "1.2246467991473532e-016"
            ], 
            [
                "-1.2246467991473532e-016", 
                "-2.2496396739927864e-032", 
                "-1"
            ]
        ], 
        "Translation": [
            "-374.99999999999363", 
            "-3.449e+004", 
            "-3747.0000000000036"
        ]
    }, 
    "top_left_front9_motor": {
        "Name": "top_left_front9_motor", 
        "CG": [
            "0", 
            "35.51880805854182", 
            "0.008797029715290172"
        ], 
        "ID": "eb18f11e-3103-4619-8430-83bc94dc6022", 
        "MASS": "1.18", 
        "Rotation": [
            [
                "-1.8369701987210297e-016", 
                "-1", 
                "6.123233995736766e-017"
            ], 
            [
                "1", 
                "-1.8369701987210297e-016", 
                "-1.2246467991473532e-016"
            ], 
            [
                "1.2246467991473532e-016", 
                "6.123233995736764e-017", 
                "1"
            ]
        ], 
        "Translation": [
            "-209.7999999999945", 
            "-29978", 
            "-3747.000000000003"
        ]
    }, 
    "top_left_rear1_motor": {
        "Name": "top_left_rear1_motor", 
        "CG": [
            "0", 
            "35.51880805854182", 
            "0.008797029715290172"
        ], 
        "ID": "95a2619f-1c33-4216-a535-89f29883f369", 
        "MASS": "1.18", 
        "Rotation": [
            [
                "-1.8369701987210297e-016", 
                "1", 
                "-1.8369701987210297e-016"
            ], 
            [
                "1", 
                "1.83697019872103e-016", 
                "1.224646799147353e-016"
            ], 
            [
                "1.2246467991473532e-016", 
                "-1.8369701987210294e-016", 
                "-1"
            ]
        ], 
        "Translation": [
            "-540.1999999999988", 
            "-6918", 
            "-3747.000000000001"
        ]
    }, 
    "bottom_right_rear5_prop": {
        "Name": "bottom_right_rear5_prop", 
        "CG": [
            "0", 
            "0", 
            "52.387499999999996"
        ], 
        "ID": "58f15e6e-5748-4aed-a7d3-7fa70b201669", 
        "MASS": "1.565", 
        "Rotation": [
            [
                "-1.83697019872103e-016", 
                "-1.8369701987210294e-016", 
                "1"
            ], 
            [
                "-3.6739377918105717e-016", 
                "-1", 
                "-1.8369701987210302e-016"
            ], 
            [
                "1", 
                "-3.673937791810572e-016", 
                "1.8369701987210292e-016"
            ]
        ], 
        "Translation": [
            "-644.9749999999979", 
            "1.153e+004", 
            "3747.0000000000023"
        ]
    }, 
    "top_left_rear0_prop": {
        "Name": "top_left_rear0_prop", 
        "CG": [
            "0", 
            "0", 
            "52.387499999999996"
        ], 
        "ID": "8ae4562a-6bd6-48c5-b9ca-b372fa11f5ab", 
        "MASS": "1.565", 
        "Rotation": [
            [
                "-1.83697019872103e-016", 
                "-1.8369701987210294e-016", 
                "1"
            ], 
            [
                "2.4492909926632187e-016", 
                "1", 
                "1.83697019872103e-016"
            ], 
            [
                "-1", 
                "2.4492909926632187e-016", 
                "-1.8369701987210294e-016"
            ]
        ], 
        "Translation": [
            "-644.9749999999996", 
            "-2305.9999999999995", 
            "-3747.0000000000005"
        ]
    }, 
    "bottom_right_front8_prop": {
        "Name": "bottom_right_front8_prop", 
        "CG": [
            "0", 
            "0", 
            "52.387499999999996"
        ], 
        "ID": "830b6e35-567c-4964-a112-f22f1d5340fe", 
        "MASS": "1.565", 
        "Rotation": [
            [
                "6.123233995736764e-017", 
                "-1.8369701987210297e-016", 
                "-1"
            ], 
            [
                "1.2246494047788407e-016", 
                "-1", 
                "1.83697019872103e-016"
            ], 
            [
                "-1", 
                "-1.2246494047788407e-016", 
                "-6.123233995736761e-017"
            ]
        ], 
        "Translation": [
            "-105.02499999999536", 
            "25366", 
            "3747.000000000005"
        ]
    }, 
    "bottom_right_rear7_motor": {
        "Name": "bottom_right_rear7_motor", 
        "CG": [
            "0", 
            "35.51880805854182", 
            "0.008797029715290172"
        ], 
        "ID": "80c412d5-4ff0-44ed-a5f9-e4b0e4785e0e", 
        "MASS": "1.18", 
        "Rotation": [
            [
                "-1.8369701987210297e-016", 
                "1", 
                "-1.8369701987210297e-016"
            ], 
            [
                "-1", 
                "-1.8369701987210302e-016", 
                "-2.449293598294706e-016"
            ], 
            [
                "-2.4492935982947064e-016", 
                "1.8369701987210292e-016", 
                "1"
            ]
        ], 
        "Translation": [
            "-540.1999999999962", 
            "20754", 
            "3747.000000000004"
        ]
    }, 
    "right_battery": {
        "Name": "right_battery", 
        "CG": [
            "375", 
            "0", 
            "4793.443200000001"
        ], 
        "ID": "5bc41f65-11ec-461a-8f60-f5b11bae1868", 
        "MASS": "457.92", 
        "Rotation": [
            [
                "-1", 
                "-8.035122827338563e-081", 
                "0"
            ], 
            [
                "4.920093725628002e-097", 
                "-6.123233995736767e-017", 
                "1"
            ], 
            [
                "-8.035122827338563e-081", 
                "1", 
                "6.123233995736767e-017"
            ]
        ], 
        "Translation": [
            "125", 
            "7.6e+002", 
            "-7.999999999999936"
        ]
    }, 
    "left_battery": {
        "Name": "left_battery", 
        "CG": [
            "375", 
            "0", 
            "4793.443200000001"
        ], 
        "ID": "ff6b8904-4fd8-474c-92f8-cb2255034554", 
        "MASS": "457.92", 
        "Rotation": [
            [
                "-1", 
                "1.1611975679724143e-032", 
                "0"
            ], 
            [
                "0", 
                "-1.8369701987210297e-016", 
                "1"
            ], 
            [
                "1.1611975679724143e-032", 
                "1", 
                "1.8369701987210297e-016"
            ]
        ], 
        "Translation": [
            "125.00000000000001", 
            "-10346.886400000001", 
            "-1.907807245515869e-012"
        ]
    }, 
    "top_left_hub0": {
        "Name": "top_left_hub0", 
        "CG": [
            "99.99999997839512", 
            "0", 
            "0"
        ], 
        "ID": "ec2faaa1-0e80-4192-a3d5-4bfd5d2fe5ba", 
        "MASS": "1.3180359603737082", 
        "Rotation": [
            [
                "1.8369701987210297e-016", 
                "-1", 
                "0"
            ], 
            [
                "-1", 
                "-1.8369701987210297e-016", 
                "1.2246467991473532e-016"
            ], 
            [
                "-1.2246467991473532e-016", 
                "-2.2496396739927864e-032", 
                "-1"
            ]
        ], 
        "Translation": [
            "-374.9999999999996", 
            "-2205.9999999999995", 
            "-3747.0000000000005"
        ]
    }, 
    "top_left_hub1": {
        "Name": "top_left_hub1", 
        "CG": [
            "99.99999997839512", 
            "0", 
            "0"
        ], 
        "ID": "fdaf6291-c4d6-4359-80cb-5b8d4320daca", 
        "MASS": "1.3180359603737082", 
        "Rotation": [
            [
                "1.8369701987210297e-016", 
                "-1", 
                "0"
            ], 
            [
                "-1", 
                "-1.8369701987210297e-016", 
                "1.2246467991473532e-016"
            ], 
            [
                "-1.2246467991473532e-016", 
                "-2.2496396739927864e-032", 
                "-1"
            ]
        ], 
        "Translation": [
            "-374.99999999999875", 
            "-6818", 
            "-3747.000000000001"
        ]
    }, 
    "top_left_hub5": {
        "Name": "top_left_hub5", 
        "CG": [
            "99.99999997839512", 
            "0", 
            "0"
        ], 
        "ID": "41e5cf9f-3a6a-45a1-b429-996f1597fa0f", 
        "MASS": "1.3180359603737082", 
        "Rotation": [
            [
                "1.8369701987210297e-016", 
                "-1", 
                "0"
            ], 
            [
                "-1", 
                "-1.8369701987210297e-016", 
                "1.2246467991473532e-016"
            ], 
            [
                "-1.2246467991473532e-016", 
                "-2.2496396739927864e-032", 
                "-1"
            ]
        ], 
        "Translation": [
            "-374.9999999999979", 
            "-1.143e+004", 
            "-3747.0000000000014"
        ]
    }, 
    "top_left_hub6": {
        "Name": "top_left_hub6", 
        "CG": [
            "99.99999997839512", 
            "0", 
            "0"
        ], 
        "ID": "3b57738b-6e92-4805-803d-1005c096cbde", 
        "MASS": "1.3180359603737082", 
        "Rotation": [
            [
                "1.8369701987210297e-016", 
                "-1", 
                "0"
            ], 
            [
                "-1", 
                "-1.8369701987210297e-016", 
                "1.2246467991473532e-016"
            ], 
            [
                "-1.2246467991473532e-016", 
                "-2.2496396739927864e-032", 
                "-1"
            ]
        ], 
        "Translation": [
            "-374.99999999999704", 
            "-16042", 
            "-3747.000000000002"
        ]
    }, 
    "top_left_hub7": {
        "Name": "top_left_hub7", 
        "CG": [
            "99.99999997839512", 
            "0", 
            "0"
        ], 
        "ID": "7b7ae8d9-5c83-4959-aa37-3b3fdcf38bba", 
        "MASS": "1.3180359603737082", 
        "Rotation": [
            [
                "1.8369701987210297e-016", 
                "-1", 
                "0"
            ], 
            [
                "-1", 
                "-1.8369701987210297e-016", 
                "1.2246467991473532e-016"
            ], 
            [
                "-1.2246467991473532e-016", 
                "-2.2496396739927864e-032", 
                "-1"
            ]
        ], 
        "Translation": [
            "-374.9999999999962", 
            "-20654", 
            "-3747.0000000000023"
        ]
    }, 
    "top_left_hub8": {
        "Name": "top_left_hub8", 
        "CG": [
            "99.99999997839512", 
            "0", 
            "0"
        ], 
        "ID": "da7ca434-0e4b-463a-ad1f-f9d05b481dfd", 
        "MASS": "1.3180359603737082", 
        "Rotation": [
            [
                "1.8369701987210297e-016", 
                "-1", 
                "0"
            ], 
            [
                "-1", 
                "-1.8369701987210297e-016", 
                "1.2246467991473532e-016"
            ], 
            [
                "-1.2246467991473532e-016", 
                "-2.2496396739927864e-032", 
                "-1"
            ]
        ], 
        "Translation": [
            "-374.99999999999534", 
            "-25266", 
            "-3747.0000000000027"
        ]
    }, 
    "bottom_right_rear7_prop": {
        "Name": "bottom_right_rear7_prop", 
        "CG": [
            "0", 
            "0", 
            "52.387499999999996"
        ], 
        "ID": "ba717261-0075-486d-9719-50a6321147bb", 
        "MASS": "1.565", 
        "Rotation": [
            [
                "-1.83697019872103e-016", 
                "-1.8369701987210294e-016", 
                "1"
            ], 
            [
                "-3.6739377918105717e-016", 
                "-1", 
                "-1.8369701987210302e-016"
            ], 
            [
                "1", 
                "-3.673937791810572e-016", 
                "1.8369701987210292e-016"
            ]
        ], 
        "Translation": [
            "-644.9749999999962", 
            "20754", 
            "3747.000000000004"
        ]
    }, 
    "top_right_hub9": {
        "Name": "top_right_hub9", 
        "CG": [
            "99.99999997839512", 
            "0", 
            "0"
        ], 
        "ID": "ac7caa1b-81f8-41f1-8a6d-02923b7f852d", 
        "MASS": "1.3180359603737082", 
        "Rotation": [
            [
                "-6.123233995736766e-017", 
                "1", 
                "0"
            ], 
            [
                "1", 
                "6.123233995736766e-017", 
                "1.2246467991473532e-016"
            ], 
            [
                "1.2246467991473532e-016", 
                "7.498798913309288e-033", 
                "-1"
            ]
        ], 
        "Translation": [
            "-375.00000000000176", 
            "29878", 
            "-3746.999999999997"
        ]
    }, 
    "top_left_front0_motor": {
        "Name": "top_left_front0_motor", 
        "CG": [
            "0", 
            "35.51880805854182", 
            "0.008797029715290172"
        ], 
        "ID": "126ee6fb-ed75-4c21-94bc-554d3ecfa491", 
        "MASS": "1.18", 
        "Rotation": [
            [
                "-1.8369701987210297e-016", 
                "-1", 
                "6.123233995736766e-017"
            ], 
            [
                "1", 
                "-1.8369701987210297e-016", 
                "-1.2246467991473532e-016"
            ], 
            [
                "1.2246467991473532e-016", 
                "6.123233995736764e-017", 
                "1"
            ]
        ], 
        "Translation": [
            "-209.7999999999996", 
            "-2305.9999999999995", 
            "-3747.0000000000005"
        ]
    }, 
    "top_right_bar9": {
        "Name": "top_right_bar9", 
        "CG": [
            "2205.996588309154", 
            "0", 
            "0"
        ], 
        "ID": "bfffb9a3-6848-4cdf-8cb3-a809e246df2a", 
        "MASS": "25.53196139344858", 
        "Rotation": [
            [
                "-6.123233995736766e-017", 
                "1", 
                "0"
            ], 
            [
                "1", 
                "6.123233995736766e-017", 
                "1.2246467991473532e-016"
            ], 
            [
                "1.2246467991473532e-016", 
                "7.498798913309288e-033", 
                "-1"
            ]
        ], 
        "Translation": [
            "-375.0000000000015", 
            "25466", 
            "-3746.9999999999973"
        ]
    }, 
    "top_left_front6_prop": {
        "Name": "top_left_front6_prop", 
        "CG": [
            "0", 
            "0", 
            "52.387499999999996"
        ], 
        "ID": "64839b45-7fc1-401c-953f-cb3088816c85", 
        "MASS": "1.565", 
        "Rotation": [
            [
                "6.123233995736764e-017", 
                "-1.8369701987210297e-016", 
                "-1"
            ], 
            [
                "-2.605631487468091e-022", 
                "1", 
                "-1.8369701987210297e-016"
            ], 
            [
                "1", 
                "2.605631487468091e-022", 
                "6.123233995736764e-017"
            ]
        ], 
        "Translation": [
            "-105.02499999999706", 
            "-16142", 
            "-3747.000000000002"
        ]
    }, 
    "top_left_bar9": {
        "Name": "top_left_bar9", 
        "CG": [
            "2205.996588309154", 
            "0", 
            "0"
        ], 
        "ID": "b23b5c37-933d-459a-9bd2-9c34366cf273", 
        "MASS": "25.53196139344858", 
        "Rotation": [
            [
                "1.8369701987210297e-016", 
                "-1", 
                "0"
            ], 
            [
                "-1", 
                "-1.8369701987210297e-016", 
                "1.2246467991473532e-016"
            ], 
            [
                "-1.2246467991473532e-016", 
                "-2.2496396739927864e-032", 
                "-1"
            ]
        ], 
        "Translation": [
            "-374.9999999999953", 
            "-25466", 
            "-3747.0000000000027"
        ]
    }, 
    "top_left_front9_prop": {
        "Name": "top_left_front9_prop", 
        "CG": [
            "0", 
            "0", 
            "52.387499999999996"
        ], 
        "ID": "c4da964a-8039-4a2f-8ac9-8375f20adcfc", 
        "MASS": "1.565", 
        "Rotation": [
            [
                "6.123233995736764e-017", 
                "-1.8369701987210297e-016", 
                "-1"
            ], 
            [
                "-2.605631487468091e-022", 
                "1", 
                "-1.8369701987210297e-016"
            ], 
            [
                "1", 
                "2.605631487468091e-022", 
                "6.123233995736764e-017"
            ]
        ], 
        "Translation": [
            "-105.0249999999945", 
            "-29978", 
            "-3747.000000000003"
        ]
    }, 
    "top_left_rear12_prop": {
        "Name": "top_left_rear12_prop", 
        "CG": [
            "0", 
            "0", 
            "52.387499999999996"
        ], 
        "ID": "d0b49460-99e6-40ac-aafd-8b69757392ad", 
        "MASS": "1.565", 
        "Rotation": [
            [
                "-1.83697019872103e-016", 
                "-1.8369701987210294e-016", 
                "1"
            ], 
            [
                "2.4492909926632187e-016", 
                "1", 
                "1.83697019872103e-016"
            ], 
            [
                "-1", 
                "2.4492909926632187e-016", 
                "-1.8369701987210294e-016"
            ]
        ], 
        "Translation": [
            "-644.9749999999937", 
            "-3.459e+004", 
            "-3747.0000000000036"
        ]
    }, 
    "top_right_bar6": {
        "Name": "top_right_bar6", 
        "CG": [
            "2205.996588309154", 
            "0", 
            "0"
        ], 
        "ID": "55646fe1-658a-4d5e-9009-7a089fbf14ca", 
        "MASS": "25.53196139344858", 
        "Rotation": [
            [
                "-6.123233995736766e-017", 
                "1", 
                "0"
            ], 
            [
                "1", 
                "6.123233995736766e-017", 
                "1.2246467991473532e-016"
            ], 
            [
                "1.2246467991473532e-016", 
                "7.498798913309288e-033", 
                "-1"
            ]
        ], 
        "Translation": [
            "-375.0000000000006", 
            "1.163e+004", 
            "-3746.9999999999986"
        ]
    }, 
    "top_right_bar7": {
        "Name": "top_right_bar7", 
        "CG": [
            "2205.996588309154", 
            "0", 
            "0"
        ], 
        "ID": "0d288da5-9dab-47ea-ad8d-c88db41f876f", 
        "MASS": "25.53196139344858", 
        "Rotation": [
            [
                "-6.123233995736766e-017", 
                "1", 
                "0"
            ], 
            [
                "1", 
                "6.123233995736766e-017", 
                "1.2246467991473532e-016"
            ], 
            [
                "1.2246467991473532e-016", 
                "7.498798913309288e-033", 
                "-1"
            ]
        ], 
        "Translation": [
            "-375.0000000000009", 
            "16242", 
            "-3746.999999999998"
        ]
    }, 
    "top_right_bar5": {
        "Name": "top_right_bar5", 
        "CG": [
            "2205.996588309154", 
            "0", 
            "0"
        ], 
        "ID": "75899017-ef36-40a2-9233-6135c3161a38", 
        "MASS": "25.53196139344858", 
        "Rotation": [
            [
                "-6.123233995736766e-017", 
                "1", 
                "0"
            ], 
            [
                "1", 
                "6.123233995736766e-017", 
                "1.2246467991473532e-016"
            ], 
            [
                "1.2246467991473532e-016", 
                "7.498798913309288e-033", 
                "-1"
            ]
        ], 
        "Translation": [
            "-375.00000000000034", 
            "7018", 
            "-3746.999999999999"
        ]
    }, 
    "top_right_rear0_prop": {
        "Name": "top_right_rear0_prop", 
        "CG": [
            "0", 
            "0", 
            "52.387499999999996"
        ], 
        "ID": "611cd844-2f89-41d6-a615-9034719a6ee0", 
        "MASS": "1.565", 
        "Rotation": [
            [
                "-6.123233995736765e-017", 
                "6.123233995736767e-017", 
                "1"
            ], 
            [
                "-2.4492909926632187e-016", 
                "-1", 
                "6.123233995736765e-017"
            ], 
            [
                "1", 
                "-2.4492909926632187e-016", 
                "6.123233995736767e-017"
            ]
        ], 
        "Translation": [
            "-644.975", 
            "2306.0000000000005", 
            "-3746.9999999999995"
        ]
    }, 
    "top_left_bar8": {
        "Name": "top_left_bar8", 
        "CG": [
            "2205.996588309154", 
            "0", 
            "0"
        ], 
        "ID": "afb17b53-cc06-4c20-840d-269414ab151b", 
        "MASS": "25.53196139344858", 
        "Rotation": [
            [
                "1.8369701987210297e-016", 
                "-1", 
                "0"
            ], 
            [
                "-1", 
